Sample	Assigned	Unassigned: r RNA	Unassigned: Unmapped	Unassigned: Fragment Length	Unassigned: No Features	Unassigned: Overlapping Length	Unassigned: Ambiguity
p1k_00001	4580247.0	53735.0	229666.0	164092.0	828755.0	260082.0	256309.0
p1k_00002	3183361.0	26601.0	199565.0	85134.0	457133.0	181790.0	212769.0
p1k_00003	8766507.0	5167.0	179345.0	12588.0	1825105.0	323835.0	309247.0
p1k_00004	7948109.0	2908.0	131778.0	4483.0	1984505.0	249924.0	217824.0
p1k_00005	8153915.0	1175.0	562512.0	41171.0	1333527.0	355955.0	265635.0
p1k_00006	6723943.0	1569.0	510706.0	35416.0	1133212.0	289581.0	185874.0
p1k_00007	8603823.0	3708.0	170293.0	8027.0	1876794.0	330380.0	286487.0
p1k_00008	8957314.0	2215.0	150293.0	4602.0	2136013.0	284705.0	232070.0
p1k_00009	7850232.0	1766.0	595176.0	26254.0	1583591.0	308122.0	191539.0
p1k_00010	7399068.0	1980.0	504705.0	56711.0	1593984.0	298317.0	177338.0
p1k_00011	8461697.0	1930.0	159726.0	10781.0	1343361.0	357847.0	338329.0
p1k_00012	8632967.0	1252.0	130681.0	9978.0	1343119.0	358182.0	334138.0
p1k_00013	3276581.0	427.0	3142439.0	3774.0	538419.0	172828.0	76809.0
p1k_00014	6542010.0	728.0	1565155.0	6191.0	1123041.0	351594.0	120914.0
p1k_00015	8483327.0	2267.0	179822.0	9170.0	1343325.0	363700.0	293789.0
p1k_00016	6742388.0	816.0	144587.0	15964.0	1105739.0	415609.0	185437.0
p1k_00017	8703606.0	1067.0	183774.0	14508.0	1371148.0	365488.0	341353.0
p1k_00018	7917434.0	2027.0	152833.0	11223.0	1177222.0	323025.0	321213.0
p1k_00019	6494107.0	985.0	95385.0	1713.0	1036329.0	199826.0	118178.0
p1k_00020	6474752.0	1107.0	107246.0	2505.0	1115573.0	201352.0	125281.0
p1k_00021	6392575.0	513.0	143712.0	2174.0	958212.0	236117.0	75735.0
p1k_00022	7140477.0	689.0	185595.0	2058.0	1154558.0	208829.0	98358.0
p1k_00023	4824836.0	1142.0	97860.0	2090.0	1081994.0	150754.0	91834.0
p1k_00024	5536686.0	1554.0	106219.0	1542.0	1247703.0	173726.0	96803.0
p1k_00025	6078360.0	3271.0	206831.0	1630.0	1535094.0	198672.0	91172.0
p1k_00026	4415187.0	1190.0	162207.0	1187.0	1042739.0	141843.0	81476.0
p1k_00027	5410228.0	352556.0	495093.0	191849.0	1746473.0	290419.0	305714.0
p1k_00028	5156847.0	556086.0	228719.0	202170.0	1744897.0	268579.0	295323.0
p1k_00029	4975355.0	1374.0	399717.0	124957.0	882820.0	254584.0	262880.0
p1k_00030	6691168.0	309952.0	627670.0	180065.0	1208389.0	353285.0	366503.0
p1k_00031	3501280.0	58343.0	151116.0	111836.0	719831.0	184945.0	180585.0
p1k_00032	5336736.0	51847.0	352322.0	160530.0	1102021.0	283295.0	283709.0
p1k_00033	6503206.0	13857.0	226542.0	14919.0	3293440.0	269860.0	311629.0
p1k_00034	7116316.0	25547.0	160931.0	5616.0	2867963.0	214778.0	274539.0
p1k_00035	8182037.0	4684.0	170775.0	34042.0	1317247.0	385105.0	431315.0
p1k_00036	8247551.0	4073.0	193339.0	27169.0	1140187.0	351618.0	415156.0
p1k_00037	3201416.0	1657.0	91387.0	16192.0	634989.0	137810.0	152975.0
p1k_00038	2966289.0	1707.0	90171.0	19430.0	600326.0	133138.0	143216.0
p1k_00039	3180664.0	1122.0	61006.0	11245.0	618296.0	150940.0	185483.0
p1k_00040	3520107.0	1598.0	71462.0	9440.0	666997.0	160036.0	201312.0
p1k_00041	6652546.0	969.0	127446.0	36750.0	970097.0	253329.0	156658.0
p1k_00042	4562567.0	67738.0	91732.0	40687.0	601807.0	180439.0	131125.0
p1k_00043	6428765.0	495.0	85798.0	9240.0	807231.0	191787.0	117958.0
p1k_00044	7913787.0	671.0	111203.0	16760.0	1016865.0	245362.0	160263.0
p1k_00045	5595002.0	526.0	90454.0	8896.0	668625.0	172675.0	117886.0
p1k_00046	5537000.0	687.0	95997.0	8500.0	667647.0	171904.0	115408.0
p1k_00047	4348999.0	180.0	76509.0	7940.0	534561.0	136763.0	90290.0
p1k_00048	5057220.0	215.0	93105.0	18725.0	661665.0	174506.0	114364.0
p1k_00049	6393013.0	8946.0	234682.0	18191.0	926455.0	231933.0	155632.0
p1k_00050	6285665.0	452.0	163808.0	38684.0	959978.0	334962.0	255106.0
p1k_00051	7110316.0	2252.0	102408.0	41802.0	1227621.0	373941.0	293526.0
p1k_00052	6976136.0	928.0	560242.0	20535.0	1114935.0	308151.0	226295.0
p1k_00053	7085417.0	916.0	1362757.0	16907.0	1105621.0	331052.0	211436.0
p1k_00054	7095988.0	3617.0	132013.0	52630.0	1474649.0	369061.0	244662.0
p1k_00055	8870231.0	2178.0	681262.0	54557.0	1721965.0	474521.0	283272.0
p1k_00056	3419649.0	113595.0	56429.0	133242.0	1520045.0	164850.0	115994.0
p1k_00057	4966661.0	340165.0	78279.0	196110.0	2500446.0	238710.0	163306.0
p1k_00058	7231962.0	14205.0	121781.0	529568.0	3574417.0	339232.0	216412.0
p1k_00059	2827587.0	8421.0	43010.0	183010.0	1422912.0	137678.0	94988.0
p1k_00060	4986399.0	17381.0	99047.0	261929.0	2586857.0	251325.0	167021.0
p1k_00061	5689345.0	19139.0	98475.0	296608.0	2838876.0	285018.0	194966.0
p1k_00062	4653686.0	15640.0	89569.0	207970.0	2575089.0	236723.0	168989.0
p1k_00063	5335765.0	99444.0	91623.0	221749.0	3023918.0	287242.0	230158.0
p1k_00064	5692951.0	869.0	102522.0	48325.0	786512.0	221837.0	144948.0
p1k_00065	6028344.0	947.0	77536.0	10287.0	1098107.0	224822.0	102057.0
p1k_00066	5156304.0	466.0	81916.0	17417.0	768901.0	211713.0	105642.0
p1k_00067	5531553.0	502.0	85178.0	16816.0	772327.0	226784.0	121891.0
p1k_00068	1801438.0	1364.0	144945.0	691057.0	488969.0	131201.0	18429.0
p1k_00069	1866866.0	1940.0	51280.0	104461.0	288746.0	95141.0	48778.0
p1k_00070	8268891.0	6165.0	216230.0	773038.0	1429636.0	426416.0	185982.0
p1k_00071	4356371.0	4279.0	115781.0	292036.0	857904.0	247808.0	85960.0
p1k_00072	2008316.0	1906.0	50267.0	111428.0	356940.0	134299.0	28148.0
p1k_00073	8512963.0	11393.0	628954.0	840733.0	3396233.0	461980.0	72072.0
p1k_00074	7433454.0	22308.0	838740.0	654618.0	2760892.0	321984.0	84512.0
p1k_00075	5123498.0	16235.0	232507.0	1179334.0	1121749.0	314174.0	65656.0
p1k_00076	6775753.0	4051.0	357773.0	2236641.0	1697472.0	411145.0	76491.0
p1k_00077	3298540.0	2054.0	151043.0	882742.0	732374.0	218498.0	27922.0
p1k_00078	4165059.0	7188.0	301064.0	871805.0	1145646.0	276545.0	52663.0
p1k_00079	7815499.0	179166.0	183239.0	1916385.0	1705818.0	338975.0	77247.0
p1k_00080	1801862.0	1901.0	83267.0	391716.0	638960.0	107692.0	24971.0
p1k_00081	6697708.0	9190.0	161501.0	1026108.0	1530949.0	429479.0	110567.0
p1k_00082	7340367.0	992.0	258795.0	28642.0	1735942.0	427098.0	268393.0
p1k_00083	7885237.0	700.0	293254.0	22023.0	1561707.0	416293.0	256725.0
p1k_00084	7589438.0	780.0	134857.0	25730.0	953822.0	362819.0	302578.0
p1k_00085	7784662.0	772.0	152256.0	25494.0	1378759.0	400623.0	284498.0
p1k_00086	5908276.0	1498.0	78440.0	15626.0	1991889.0	265646.0	241946.0
p1k_00087	5481626.0	1766.0	82858.0	11037.0	1852909.0	324332.0	136612.0
p1k_00088	5895597.0	921.0	74569.0	14974.0	904347.0	253513.0	281615.0
p1k_00089	6492428.0	615.0	75282.0	9303.0	1063868.0	257901.0	273944.0
p1k_00090	7113690.0	56866.0	75442.0	9674.0	990250.0	287791.0	319964.0
p1k_00091	7811033.0	986.0	99585.0	14159.0	1044736.0	319243.0	363162.0
p1k_00092	5004616.0	41546.0	79133.0	8830.0	1142299.0	229351.0	198944.0
p1k_00093	5931445.0	98079.0	97494.0	7442.0	1153975.0	237367.0	204768.0
p1k_00094	2145965.0	1544.0	37435.0	3276.0	165302.0	75912.0	66081.0
p1k_00095	3376473.0	2719.0	57034.0	4686.0	260068.0	147724.0	66189.0
p1k_00096	6278147.0	53158.0	100111.0	3970.0	1237077.0	265971.0	205176.0
p1k_00097	7535259.0	83716.0	138806.0	8193.0	1339190.0	290312.0	252875.0
p1k_00098	1693376.0	1142.0	25546.0	689.0	142915.0	55935.0	47233.0
p1k_00099	3443822.0	2536.0	52330.0	1397.0	291515.0	114423.0	95268.0
p1k_00100	3537372.0	53810.0	364037.0	8543.0	538663.0	165634.0	80244.0
p1k_00101	1789771.0	1744.0	45080.0	4163.0	130810.0	64871.0	61556.0
p1k_00102	3253535.0	3318.0	82560.0	7061.0	238334.0	119287.0	112888.0
p1k_00103	2279264.0	1012.0	35221.0	6334.0	150049.0	111743.0	59577.0
p1k_00104	3479579.0	1594.0	54286.0	8982.0	230408.0	137139.0	143725.0
p1k_00105	6260093.0	39098.0	84699.0	42060.0	1282813.0	293343.0	224009.0
p1k_00106	6461745.0	5160.0	80796.0	38087.0	1109931.0	298617.0	275190.0
p1k_00107	6321105.0	65118.0	92654.0	50680.0	1184714.0	300370.0	251803.0
p1k_00108	3882472.0	17094.0	262439.0	31657.0	678987.0	187339.0	83455.0
p1k_00109	5015227.0	34148.0	316669.0	28477.0	878565.0	185864.0	154621.0
p1k_00110	4758459.0	9234.0	267804.0	42040.0	674044.0	237958.0	104339.0
p1k_00111	5062253.0	17751.0	264197.0	33369.0	720668.0	243524.0	105438.0
p1k_00112	5088740.0	27381.0	284518.0	43483.0	760053.0	212183.0	170766.0
p1k_00113	4819534.0	43797.0	236506.0	39606.0	741872.0	187788.0	145860.0
p1k_00114	5237466.0	15800.0	254287.0	26450.0	816133.0	197567.0	146505.0
p1k_00115	4978045.0	11796.0	211445.0	28977.0	875663.0	230934.0	88748.0
p1k_00116	4877438.0	37571.0	164635.0	37875.0	896849.0	188121.0	150961.0
p1k_00117	3891498.0	29308.0	117248.0	14862.0	659072.0	132786.0	107500.0
p1k_00118	4673673.0	38330.0	165473.0	28570.0	931293.0	177734.0	136847.0
p1k_00119	5137714.0	30141.0	168365.0	29627.0	1113279.0	178398.0	151480.0
p1k_00120	6010674.0	34466.0	183822.0	34993.0	1105658.0	215029.0	180375.0
p1k_00121	4299415.0	35935.0	137034.0	27578.0	895662.0	157361.0	126275.0
p1k_00122	4044912.0	55159.0	120177.0	20439.0	561387.0	137563.0	122680.0
p1k_00123	4114831.0	59938.0	108943.0	21404.0	609415.0	141183.0	114968.0
p1k_00124	4389759.0	67817.0	123926.0	19602.0	682165.0	153583.0	127761.0
p1k_00125	4246715.0	115984.0	37631.0	3956.0	485894.0	147475.0	173365.0
p1k_00126	4369905.0	129652.0	37558.0	6340.0	410038.0	152819.0	210919.0
p1k_00127	4414415.0	173136.0	36478.0	7955.0	471682.0	157090.0	196926.0
p1k_00128	6931198.0	14484.0	114148.0	15903.0	548859.0	305774.0	388500.0
p1k_00129	5522386.0	13968.0	172115.0	3619.0	799348.0	227524.0	177640.0
p1k_00130	11587570.0	60637.0	151342.0	9140.0	1274731.0	489231.0	478388.0
p1k_00131	10095563.0	28182.0	134905.0	7504.0	1211431.0	406033.0	408264.0
p1k_00132	1705154.0	593.0	29382.0	6827.0	167020.0	71300.0	35635.0
p1k_00133	4403677.0	3699.0	40739.0	23635.0	503655.0	163590.0	168098.0
p1k_00134	7714971.0	21509.0	161204.0	6889.0	893251.0	275750.0	248631.0
p1k_00135	7743049.0	9788.0	216141.0	13709.0	1027612.0	218887.0	178453.0
p1k_00136	6797969.0	15275.0	202966.0	8647.0	994819.0	241179.0	218453.0
p1k_00137	7348594.0	8915.0	194726.0	9466.0	1020955.0	300282.0	232004.0
p1k_00138	8331499.0	11062.0	145059.0	43851.0	1156902.0	189460.0	103822.0
p1k_00139	5467476.0	5920.0	164589.0	3747.0	910574.0	189650.0	163549.0
p1k_00140	7866327.0	18872.0	245492.0	8529.0	1060128.0	437644.0	196874.0
p1k_00141	7364374.0	10126.0	200742.0	4768.0	1135400.0	276174.0	194608.0
p1k_00142	2447068.0	1163.0	50874.0	6986.0	884952.0	143301.0	80567.0
p1k_00143	2896052.0	2639.0	69307.0	45629.0	271616.0	162032.0	94910.0
p1k_00144	2494532.0	9508.0	63290.0	13768.0	1151376.0	137793.0	79925.0
p1k_00145	2580693.0	5866.0	61105.0	15029.0	942741.0	135264.0	87967.0
p1k_00146	4250634.0	937.0	299930.0	3612.0	885124.0	238120.0	6386.0
p1k_00147	4665956.0	654.0	307263.0	3716.0	767456.0	300590.0	6845.0
p1k_00148	4952872.0	481.0	330963.0	6451.0	806169.0	328134.0	8764.0
p1k_00149	3777215.0	746.0	285257.0	3675.0	743514.0	201566.0	6292.0
p1k_00150	4414141.0	7891.0	306397.0	4258.0	818460.0	302245.0	6579.0
p1k_00151	1537833.0	1479914.0	55929.0	9857.0	685139.0	94728.0	42608.0
p1k_00152	2268424.0	6136.0	48070.0	12774.0	1254473.0	129678.0	68289.0
p1k_00153	2332693.0	858353.0	66214.0	10435.0	830152.0	131091.0	66734.0
p1k_00154	2472844.0	1027.0	64248.0	8988.0	1561337.0	173015.0	70152.0
p1k_00155	2481254.0	1780814.0	302990.0	1785.0	955337.0	172578.0	4529.0
p1k_00156	3198723.0	6758.0	68768.0	10582.0	1050183.0	183226.0	74830.0
p1k_00157	2907918.0	8649.0	53172.0	12461.0	996647.0	151244.0	79341.0
p1k_00158	2095283.0	833368.0	64708.0	11881.0	453143.0	110608.0	63667.0
p1k_00159	2994484.0	4196.0	53984.0	12138.0	746246.0	180370.0	94072.0
p1k_00160	2670926.0	22081.0	59016.0	20149.0	1148384.0	150265.0	91076.0
p1k_00161	11830213.0	3937.0	482039.0	72991.0	880197.0	538181.0	251969.0
p1k_00162	11223365.0	3820.0	422689.0	77645.0	858617.0	518333.0	230704.0
p1k_00163	9099400.0	1411.0	383119.0	989.0	1078522.0	383820.0	61612.0
p1k_00164	6071573.0	3199.0	339852.0	21919.0	880593.0	338945.0	66974.0
p1k_00165	10865624.0	9646.0	425940.0	40819.0	1391477.0	425843.0	151938.0
p1k_00166	10882406.0	8442.0	547122.0	115824.0	1441198.0	502367.0	205704.0
p1k_00167	11229621.0	4909.0	576454.0	108575.0	1481059.0	504368.0	136217.0
p1k_00168	11157408.0	5422.0	446731.0	99680.0	1501379.0	500774.0	133396.0
p1k_00169	5874520.0	6380.0	243833.0	1070.0	1499539.0	259259.0	33487.0
p1k_00170	5893599.0	6680.0	146173.0	1207.0	1380924.0	223652.0	11365.0
p1k_00171	10141476.0	8217.0	538805.0	97564.0	1363085.0	528049.0	195359.0
p1k_00172	10861562.0	9576.0	524540.0	84357.0	1348700.0	574252.0	188566.0
p1k_00173	8496125.0	3358.0	371501.0	83857.0	731975.0	451179.0	172517.0
p1k_00174	10181559.0	2825.0	449103.0	86457.0	888351.0	535490.0	206834.0
p1k_00175	6526441.0	2054.0	389881.0	24596.0	1045559.0	354244.0	64711.0
p1k_00176	6447400.0	936.0	403418.0	24948.0	1070976.0	355578.0	67309.0
p1k_00177	12030390.0	6167.0	492183.0	90950.0	1286965.0	597961.0	240855.0
p1k_00178	11301891.0	4074.0	453450.0	102846.0	1128974.0	553623.0	249670.0
p1k_00179	11865815.0	4140.0	545566.0	119555.0	1463289.0	545716.0	225071.0
p1k_00180	12174688.0	4006.0	540438.0	110586.0	1608256.0	541103.0	238198.0
p1k_00181	11704407.0	4274.0	538630.0	124027.0	1146220.0	569309.0	221960.0
p1k_00182	11170255.0	4841.0	506395.0	117671.0	995140.0	526747.0	245770.0
p1k_00183	6275844.0	2287.0	408844.0	34516.0	1022893.0	338927.0	76627.0
p1k_00184	7207992.0	1222.0	451258.0	32237.0	1189446.0	377144.0	83927.0
p1k_00185	6417442.0	379.0	417589.0	67900.0	663725.0	327906.0	103957.0
p1k_00186	6965872.0	283.0	382257.0	79741.0	698048.0	350964.0	115040.0
p1k_00187	7073574.0	1589.0	397896.0	74827.0	895790.0	370015.0	113817.0
p1k_00188	3566815.0	364.0	279197.0	67929.0	435334.0	189658.0	72020.0
p1k_00189	5236102.0	1439.0	477586.0	81168.0	1107227.0	321447.0	101301.0
p1k_00190	6621315.0	841.0	530427.0	101531.0	1263624.0	406186.0	129079.0
p1k_00191	10571792.0	14680.0	482908.0	74738.0	1041030.0	545866.0	138976.0
p1k_00192	9584139.0	10403.0	288579.0	142189.0	901589.0	499703.0	157330.0
p1k_00193	9179969.0	7138.0	535315.0	118030.0	1291722.0	418731.0	114527.0
p1k_00194	8955321.0	238273.0	498761.0	112087.0	1447103.0	409876.0	107065.0
p1k_00195	8066107.0	6527.0	403414.0	153670.0	873971.0	386137.0	154836.0
p1k_00196	7516395.0	6056.0	337520.0	169851.0	815212.0	373279.0	162610.0
p1k_00197	10832447.0	5289.0	653315.0	83746.0	1274475.0	528759.0	121035.0
p1k_00198	10132952.0	12589.0	564924.0	75256.0	1315972.0	507360.0	109036.0
p1k_00199	8643447.0	4217.0	601373.0	69012.0	1586712.0	447470.0	106811.0
p1k_00200	9199086.0	6545.0	530558.0	64270.0	1392944.0	486341.0	115714.0
p1k_00201	8115970.0	5568.0	468168.0	79833.0	1082842.0	417412.0	115775.0
p1k_00202	11419959.0	9850.0	698490.0	103557.0	1665061.0	593851.0	159318.0
p1k_00203	3527042.0	2804.0	202698.0	36375.0	469494.0	187080.0	52923.0
p1k_00204	3405031.0	2585.0	214657.0	24460.0	442158.0	176398.0	48864.0
p1k_00205	9074064.0	4743.0	559792.0	57619.0	1531018.0	422962.0	95729.0
p1k_00206	10130971.0	36565.0	559555.0	64508.0	1415537.0	486037.0	114656.0
p1k_00207	8920537.0	6356.0	493164.0	407968.0	1525533.0	501737.0	177119.0
p1k_00208	8309975.0	11234.0	473736.0	365434.0	1413854.0	469945.0	168032.0
p1k_00209	9370931.0	9339.0	362571.0	180388.0	1040039.0	491861.0	172357.0
p1k_00210	8215578.0	25692.0	438532.0	58307.0	1038826.0	417533.0	96705.0
p1k_00211	10144356.0	9611.0	682567.0	100570.0	1337985.0	519924.0	151543.0
p1k_00212	11107883.0	8614.0	697068.0	107541.0	1404479.0	571263.0	162086.0
p1k_00213	4233936.0	22606.0	233805.0	33896.0	561542.0	219165.0	58686.0
p1k_00214	5343609.0	4349.0	269021.0	32658.0	695867.0	284194.0	70261.0
p1k_00215	8857081.0	9876.0	506447.0	128215.0	1472817.0	451908.0	135216.0
p1k_00216	9113226.0	10066.0	487804.0	98412.0	1538089.0	468386.0	131055.0
p1k_00217	9183722.0	4538.0	522679.0	108719.0	1861207.0	411157.0	104328.0
p1k_00218	7633168.0	43622.0	436784.0	115870.0	1375888.0	354409.0	103004.0
p1k_00219	5382865.0	479.0	745063.0	5941.0	708433.0	350897.0	97936.0
p1k_00220	5166880.0	396.0	744465.0	6311.0	706171.0	330626.0	88772.0
p1k_00221	4975795.0	815.0	942224.0	3019.0	842037.0	328174.0	69386.0
p1k_00222	4971155.0	826.0	710517.0	5130.0	744561.0	313156.0	80358.0
p1k_00223	7471689.0	971.0	1158904.0	6553.0	1504368.0	479227.0	107303.0
p1k_00224	6976926.0	717.0	1084446.0	6846.0	1285045.0	438748.0	101884.0
p1k_00225	12222217.0	7402.0	1817752.0	15395.0	1911576.0	731346.0	214636.0
p1k_00226	6697911.0	944.0	1074592.0	8203.0	801196.0	398614.0	115756.0
p1k_00227	6683495.0	3806.0	1082824.0	5545.0	3118698.0	448451.0	79436.0
p1k_00228	6576273.0	903.0	1094071.0	4440.0	2201334.0	453368.0	81442.0
p1k_00229	5635975.0	859.0	1461117.0	3101.0	1426454.0	366678.0	70846.0
p1k_00230	6697177.0	929.0	902344.0	6478.0	1353697.0	419721.0	97122.0
p1k_00231	8227433.0	1308.0	1147936.0	6099.0	1397425.0	519222.0	112802.0
p1k_00232	7251263.0	1199.0	1021916.0	7278.0	1287964.0	453890.0	107475.0
p1k_00233	2630584.0	10626.0	76185.0	21661.0	911062.0	145452.0	75092.0
p1k_00234	3253034.0	6661.0	68028.0	24821.0	625824.0	158611.0	99156.0
p1k_00235	3028087.0	7337.0	60324.0	18400.0	594339.0	149684.0	87590.0
p1k_00236	2981611.0	2796.0	64881.0	30450.0	580802.0	164313.0	107042.0
p1k_00237	2956878.0	5541.0	68747.0	25604.0	511805.0	151679.0	108189.0
p1k_00238	2219920.0	3978.0	45117.0	13929.0	834047.0	139138.0	62173.0
p1k_00239	2694479.0	2747.0	51726.0	14844.0	992327.0	156925.0	74913.0
p1k_00240	2914427.0	7384.0	81218.0	28745.0	632508.0	152648.0	103258.0
p1k_00241	3128792.0	5120.0	96059.0	15167.0	887341.0	150908.0	89744.0
p1k_00242	2849786.0	1905.0	72861.0	17057.0	762690.0	135344.0	84528.0
p1k_00243	3361808.0	4916.0	71651.0	26709.0	587925.0	166555.0	117568.0
p1k_00244	3107339.0	3634.0	72294.0	31876.0	530896.0	152237.0	119300.0
p1k_00245	2793123.0	7923.0	52926.0	28957.0	591794.0	142918.0	96350.0
p1k_00246	2907946.0	3390.0	58308.0	28710.0	686283.0	142233.0	99474.0
p1k_00247	2660257.0	8260.0	52650.0	16524.0	840713.0	125220.0	71173.0
p1k_00248	2778410.0	12184.0	57332.0	13635.0	988071.0	130819.0	71393.0
p1k_00249	3197709.0	2972.0	97911.0	20099.0	729486.0	140349.0	94960.0
p1k_00250	3225855.0	9129.0	82886.0	16681.0	748002.0	133514.0	88021.0
p1k_00251	2819570.0	2760.0	78384.0	19440.0	915307.0	153232.0	74494.0
p1k_00252	2460696.0	6071.0	59968.0	15769.0	988395.0	143837.0	63689.0
p1k_00253	2449620.0	1713.0	47221.0	16409.0	639177.0	130227.0	69536.0
p1k_00254	2880932.0	1611.0	65986.0	16060.0	1188733.0	163842.0	67589.0
p1k_00255	8539205.0	1962.0	590215.0	222550.0	1209787.0	431223.0	184517.0
p1k_00256	7704969.0	945.0	725200.0	188809.0	998328.0	369425.0	168693.0
p1k_00257	8331941.0	4479.0	417434.0	152973.0	1847803.0	433904.0	135309.0
p1k_00258	8227633.0	6298.0	495046.0	176649.0	1795003.0	436490.0	144352.0
p1k_00259	5074682.0	745.0	387367.0	165166.0	884256.0	253766.0	123920.0
p1k_00260	6461677.0	786.0	466483.0	214902.0	1067224.0	317642.0	157067.0
p1k_00261	5938432.0	1047.0	471900.0	178983.0	920815.0	282549.0	121257.0
p1k_00262	5979695.0	1325.0	504156.0	164057.0	998016.0	282990.0	115165.0
p1k_00263	5217656.0	1992.0	389674.0	211017.0	1028916.0	274875.0	132194.0
p1k_00264	5339764.0	1263.0	458883.0	187269.0	905063.0	270120.0	137887.0
p1k_00265	5035473.0	21313.0	463960.0	248241.0	1274234.0	235756.0	134873.0
p1k_00266	6254697.0	3995.0	506257.0	272213.0	1335585.0	291712.0	155712.0
p1k_00267	6836929.0	1159583.0	476687.0	176891.0	1179963.0	346826.0	139637.0
p1k_00268	7801859.0	139051.0	512062.0	187323.0	1402838.0	389653.0	158412.0
p1k_00269	8372984.0	410849.0	436518.0	170811.0	1456826.0	436907.0	160549.0
p1k_00270	8014053.0	43316.0	479416.0	185638.0	1358947.0	391368.0	161553.0
p1k_00271	12374744.0	8263.0	748437.0	2342.0	2747689.0	651310.0	9177.0
p1k_00272	13558151.0	16702.0	633688.0	1120.0	3346840.0	602770.0	16493.0
p1k_00273	15040941.0	2473.0	333945.0	936.0	1642701.0	558307.0	7672.0
p1k_00274	12405136.0	4223.0	273611.0	2546.0	1452267.0	433835.0	6248.0
p1k_00275	6689710.0	648.0	400963.0	71725.0	844407.0	330766.0	97383.0
p1k_00276	8213898.0	1364.0	443115.0	83919.0	1254733.0	413309.0	112213.0
p1k_00277	6360482.0	449.0	351115.0	76430.0	623584.0	326970.0	112402.0
p1k_00278	7019007.0	717.0	438583.0	79233.0	781025.0	368213.0	121421.0
p1k_00279	4613205.0	905.0	271198.0	48328.0	854533.0	229897.0	67886.0
p1k_00280	6675704.0	596.0	352573.0	65876.0	1193470.0	336336.0	99255.0
p1k_00281	8515816.0	279222.0	402000.0	463948.0	1313526.0	333173.0	452114.0
p1k_00282	10238385.0	660554.0	608664.0	333802.0	3870670.0	430158.0	497230.0
p1k_00283	8107839.0	414.0	582573.0	244194.0	1056375.0	403148.0	167365.0
p1k_00284	8169644.0	660.0	594911.0	275632.0	1146463.0	400540.0	181391.0
p1k_00285	13785304.0	11142.0	1744814.0	830456.0	2647726.0	718621.0	323845.0
p1k_00286	8121054.0	1406.0	474381.0	217191.0	1195136.0	420808.0	179469.0
p1k_00287	5569499.0	514123.0	345633.0	173914.0	856887.0	281252.0	117901.0
p1k_00288	7804816.0	130779.0	450154.0	200837.0	1097742.0	383983.0	161350.0
p1k_00289	6651471.0	624125.0	411888.0	181608.0	769784.0	317546.0	134171.0
p1k_00290	6611001.0	413284.0	460744.0	147726.0	749686.0	315995.0	123683.0
p1k_00291	7578199.0	1337.0	420004.0	206540.0	1337287.0	392239.0	154584.0
p1k_00292	7644881.0	1295.0	516101.0	195247.0	1312963.0	392460.0	157930.0
p1k_00293	5905083.0	781.0	1844023.0	222365.0	963804.0	292853.0	132256.0
p1k_00294	4356081.0	8435.0	1332647.0	161477.0	697570.0	220003.0	93315.0
p1k_00295	6972964.0	588.0	564353.0	235277.0	809244.0	341365.0	173195.0
p1k_00296	5768169.0	1030.0	300149.0	164379.0	518960.0	260372.0	129671.0
p1k_00297	7722989.0	54744.0	569500.0	127693.0	2597246.0	366385.0	156041.0
p1k_00298	5110053.0	513521.0	308160.0	141362.0	685800.0	257613.0	106625.0
p1k_00299	7239195.0	11316.0	862333.0	392274.0	1434136.0	366509.0	160210.0
p1k_00300	5362364.0	716082.0	363003.0	127921.0	674441.0	252108.0	110248.0
p1k_00301	6392343.0	4628.0	342445.0	172501.0	897789.0	302434.0	128750.0
p1k_00302	7500985.0	3232.0	378460.0	145329.0	991740.0	347396.0	137003.0
p1k_00303	7579476.0	22833.0	424414.0	159508.0	1097860.0	335384.0	125957.0
p1k_00304	7480228.0	79471.0	371785.0	135680.0	1110684.0	327874.0	122011.0
p1k_00305	8374462.0	1194.0	513824.0	223351.0	1278470.0	404457.0	147312.0
p1k_00306	8795259.0	1961.0	565586.0	205960.0	1507003.0	438523.0	157668.0
p1k_00307	6430653.0	541.0	612666.0	141968.0	1196991.0	296941.0	123670.0
p1k_00308	5614805.0	541.0	475347.0	139331.0	1220918.0	261587.0	111794.0
p1k_00309	7084674.0	25616.0	639349.0	154040.0	1220986.0	282587.0	115026.0
p1k_00310	6638475.0	4708.0	553344.0	171567.0	1162331.0	263415.0	116167.0
p1k_00311	6314803.0	3448.0	628701.0	132737.0	1156603.0	248640.0	103407.0
p1k_00312	7897954.0	2021.0	493340.0	187153.0	1427038.0	302416.0	145146.0
p1k_00313	5285339.0	1955.0	378004.0	120262.0	801981.0	243651.0	118358.0
p1k_00314	5000529.0	1074.0	471343.0	99933.0	816767.0	234229.0	102091.0
p1k_00315	7114448.0	1364.0	732405.0	153473.0	1381434.0	348801.0	137068.0
p1k_00316	6685173.0	1143.0	754679.0	131412.0	1271527.0	324705.0	126460.0
p1k_00317	10252637.0	230277.0	264004.0	190875.0	694481.0	603611.0	510380.0
p1k_00318	10597499.0	577579.0	293040.0	230773.0	701258.0	624725.0	531047.0
p1k_00319	7699866.0	5469.0	201610.0	59886.0	543296.0	618450.0	271513.0
p1k_00320	8820936.0	5311.0	218869.0	165270.0	567187.0	695765.0	292384.0
p1k_00321	10455193.0	5698.0	313457.0	186803.0	709427.0	601705.0	524232.0
p1k_00322	9706366.0	5480.0	272280.0	192318.0	619745.0	755232.0	342172.0
p1k_00323	9835721.0	14433.0	265179.0	179836.0	694878.0	752258.0	322998.0
p1k_00324	12819599.0	6671.0	342095.0	229475.0	941325.0	974705.0	425632.0
p1k_00325	10224056.0	3168.0	285048.0	185415.0	822755.0	732264.0	287515.0
p1k_00326	11823078.0	3970.0	290558.0	102651.0	817635.0	492136.0	414033.0
p1k_00327	10346122.0	3872.0	290125.0	105540.0	881360.0	762533.0	285928.0
p1k_00328	9026206.0	283366.0	252203.0	173146.0	703506.0	512995.0	426408.0
p1k_00329	10135234.0	10532.0	258871.0	152257.0	556032.0	646562.0	275983.0
p1k_00330	8745966.0	13625.0	208733.0	160572.0	612277.0	509848.0	386685.0
p1k_00331	8442734.0	6323.0	239063.0	190738.0	611736.0	605566.0	207294.0
p1k_00332	8355500.0	6001.0	263855.0	220092.0	601755.0	603417.0	209701.0
p1k_00333	9562124.0	12907.0	259754.0	310695.0	727764.0	551132.0	439262.0
p1k_00334	9069847.0	37340.0	267354.0	266537.0	731622.0	671943.0	260113.0
p1k_00335	9226534.0	12369.0	272034.0	187250.0	693151.0	675360.0	268636.0
p1k_00336	9554735.0	18155.0	284104.0	224022.0	683173.0	543060.0	431625.0
p1k_00337	9456176.0	8036.0	279130.0	199500.0	909661.0	617024.0	205642.0
p1k_00338	7815564.0	8924.0	225163.0	119607.0	767465.0	515247.0	170269.0
p1k_00339	8456542.0	6675.0	244465.0	218203.0	730670.0	580976.0	210411.0
p1k_00340	10102891.0	13996.0	267509.0	143631.0	971650.0	659336.0	222106.0
p1k_00341	11692880.0	628.0	311942.0	115814.0	854248.0	638383.0	542587.0
p1k_00342	10407126.0	774.0	216633.0	124584.0	816319.0	669016.0	460466.0
p1k_00343	9358062.0	693.0	213862.0	55196.0	713103.0	605923.0	413332.0
p1k_00344	9423041.0	7028.0	215686.0	112457.0	746231.0	553216.0	456900.0
p1k_00345	11340228.0	1177.0	362307.0	110674.0	619388.0	715494.0	498066.0
p1k_00346	11143368.0	39015.0	245150.0	117896.0	759159.0	618305.0	531187.0
p1k_00347	11407518.0	4408.0	189563.0	117791.0	645326.0	600164.0	539174.0
p1k_00348	11533399.0	786.0	202015.0	128050.0	761155.0	633931.0	571300.0
p1k_00349	7555255.0	85.0	179401.0	180610.0	604284.0	433943.0	394685.0
p1k_00350	7116432.0	370.0	207826.0	155451.0	541016.0	414335.0	371553.0
p1k_00351	6335162.0	218722.0	244279.0	114054.0	605234.0	362891.0	327118.0
p1k_00352	6747069.0	6668.0	152620.0	148586.0	598209.0	437738.0	333074.0
p1k_00353	7511696.0	482.0	119679.0	132030.0	709625.0	457972.0	340589.0
p1k_00354	6685661.0	8768.0	175726.0	138438.0	745554.0	421017.0	313956.0
p1k_00355	5841661.0	5452.0	132821.0	113903.0	586427.0	324250.0	287153.0
p1k_00356	6172744.0	328.0	145622.0	125937.0	668639.0	418579.0	294279.0
p1k_00357	4284496.0	75012.0	88445.0	112148.0	735947.0	328768.0	203831.0
p1k_00358	9742753.0	89511.0	176570.0	83484.0	1290089.0	590302.0	442171.0
p1k_00359	4598268.0	31503.0	90161.0	74319.0	957503.0	398176.0	243952.0
p1k_00360	9016888.0	62737.0	199851.0	70664.0	1063447.0	554143.0	490927.0
p1k_00361	2396849.0	2999202.0	80540.0	105408.0	443473.0	226861.0	156740.0
p1k_00362	4578814.0	63035.0	114411.0	113557.0	973248.0	405108.0	297190.0
p1k_00363	9174127.0	60904.0	211526.0	56055.0	1842218.0	721997.0	362942.0
p1k_00364	5507555.0	31654.0	127884.0	58254.0	870359.0	379513.0	263685.0
p1k_00365	6119835.0	417184.0	158464.0	31869.0	911806.0	480719.0	359107.0
p1k_00366	6033865.0	43678.0	120885.0	61330.0	822831.0	438845.0	355494.0
p1k_00367	7400018.0	476140.0	194403.0	93319.0	909826.0	697692.0	526853.0
p1k_00368	7871942.0	66564.0	178480.0	95133.0	970215.0	686900.0	563177.0
p1k_00369	6034522.0	28705.0	104276.0	43610.0	719561.0	390707.0	250741.0
p1k_00370	7261443.0	463581.0	133836.0	36929.0	878596.0	407515.0	319951.0
p1k_00371	7481579.0	76148.0	176709.0	18638.0	893755.0	427664.0	372449.0
p1k_00372	7155654.0	406832.0	155048.0	36132.0	777396.0	411527.0	398792.0
p1k_00373	7166510.0	60997.0	125403.0	21687.0	813482.0	443001.0	383134.0
p1k_00374	5718418.0	241392.0	113313.0	20755.0	649983.0	349995.0	309904.0
p1k_00375	8152912.0	22598.0	141342.0	53700.0	842228.0	466273.0	393105.0
p1k_00376	7186209.0	11930.0	108300.0	56360.0	576892.0	394282.0	360200.0
p1k_00377	9069932.0	96851.0	140853.0	52378.0	867786.0	640407.0	538933.0
p1k_00378	3875596.0	87871.0	71815.0	34036.0	325468.0	284093.0	248570.0
p1k_00379	7574945.0	35040.0	107011.0	36041.0	628506.0	443000.0	451643.0
p1k_00380	7791715.0	67070.0	136285.0	50367.0	661678.0	474852.0	472013.0
p1k_00381	7271679.0	65349.0	170202.0	42294.0	683081.0	375922.0	333182.0
p1k_00382	6359812.0	30451.0	116126.0	36539.0	664587.0	354939.0	282407.0
p1k_00383	6590526.0	338653.0	165087.0	63799.0	656541.0	467450.0	455416.0
p1k_00384	6496778.0	348226.0	171687.0	54967.0	817103.0	498122.0	409767.0
p1k_00385	6895423.0	51991.0	153905.0	44876.0	643540.0	401360.0	413918.0
p1k_00386	6945764.0	346470.0	131982.0	47396.0	705467.0	424214.0	418821.0
p1k_00387	6365953.0	43899.0	466973.0	75543.0	1656707.0	352623.0	113785.0
p1k_00388	4805056.0	1520134.0	376519.0	74282.0	406647.0	266221.0	94307.0
p1k_00389	4469362.0	1434.0	1444576.0	96843.0	738568.0	219356.0	82744.0
p1k_00390	5713745.0	1123.0	1857729.0	164444.0	807620.0	287559.0	112952.0
p1k_00391	5242564.0	488.0	339866.0	60750.0	826013.0	240889.0	75791.0
p1k_00392	6640697.0	477.0	507093.0	82148.0	1150652.0	304474.0	103922.0
p1k_00393	3675771.0	2652137.0	372053.0	71637.0	320052.0	192842.0	65906.0
p1k_00394	4716973.0	1832928.0	448641.0	82513.0	608062.0	239890.0	90429.0
p1k_00395	4393490.0	164.0	1449485.0	178586.0	562213.0	218459.0	98874.0
p1k_00396	4549211.0	459.0	1255770.0	215237.0	512522.0	240120.0	105472.0
p1k_00397	809302.0	3361607.0	175788.0	47770.0	392133.0	38630.0	12222.0
p1k_00398	6506062.0	1339.0	401442.0	93508.0	1102581.0	299529.0	102541.0
p1k_00399	5382246.0	1354935.0	354061.0	76561.0	668954.0	283241.0	92935.0
p1k_00400	6645535.0	29016.0	495186.0	91568.0	1738914.0	333210.0	122009.0
p1k_00401	4585679.0	1293.0	1323321.0	159310.0	591068.0	236241.0	96061.0
p1k_00402	5300881.0	2009.0	1623665.0	173102.0	673613.0	260056.0	112864.0
p1k_00403	6786074.0	6245.0	432163.0	85478.0	1182119.0	319331.0	101881.0
p1k_00404	7656709.0	4137.0	465953.0	115973.0	963908.0	344732.0	131156.0
p1k_00405	6079961.0	12421.0	412431.0	88737.0	1360691.0	342587.0	129134.0
p1k_00406	6661151.0	31762.0	459267.0	102652.0	1911144.0	374780.0	134916.0
p1k_00407	7271231.0	2195.0	401809.0	105105.0	951400.0	389812.0	139028.0
p1k_00408	5279690.0	610.0	1638987.0	235089.0	617619.0	279521.0	142207.0
p1k_00409	6542367.0	386.0	762265.0	391484.0	800581.0	326618.0	145523.0
p1k_00410	6805046.0	2953.0	423519.0	88225.0	949449.0	328540.0	106657.0
p1k_00411	5319339.0	1332555.0	418710.0	90214.0	549822.0	295894.0	118142.0
p1k_00412	6886685.0	5508.0	424649.0	106477.0	1287731.0	400816.0	140071.0
p1k_00413	7045255.0	1234.0	360299.0	110170.0	766513.0	369273.0	140483.0
p1k_00414	8966611.0	1358.0	395751.0	111998.0	1132528.0	483929.0	159912.0
p1k_00415	9780953.0	689.0	1091620.0	364254.0	1095591.0	493305.0	202093.0
p1k_00416	10314147.0	992.0	893155.0	396405.0	1299600.0	529546.0	201065.0
p1k_00417	5592685.0	609.0	311320.0	90072.0	878373.0	327167.0	116486.0
p1k_00418	6466617.0	542.0	393978.0	68804.0	946695.0	352090.0	123820.0
p1k_00419	6913385.0	1297.0	482670.0	69806.0	876868.0	378668.0	127333.0
p1k_00420	8804132.0	1670.0	565081.0	109466.0	902266.0	488247.0	167368.0
p1k_00421	10733163.0	629.0	626129.0	145024.0	1314347.0	548881.0	217103.0
p1k_00422	7464586.0	782.0	395331.0	108757.0	1031098.0	401688.0	142124.0
p1k_00423	8051320.0	561.0	417330.0	103793.0	1019300.0	424898.0	148441.0
p1k_00424	9327199.0	1306.0	362157.0	115107.0	1297536.0	497758.0	156936.0
p1k_00425	5946842.0	330.0	365077.0	67703.0	802339.0	312747.0	85708.0
p1k_00426	6883663.0	478.0	485993.0	94690.0	816569.0	317207.0	107821.0
p1k_00427	9445874.0	843.0	826683.0	307911.0	1168214.0	483160.0	171115.0
p1k_00428	6559603.0	782.0	441788.0	77800.0	898220.0	315445.0	102902.0
p1k_00429	7314844.0	942.0	467651.0	105544.0	931711.0	398137.0	144601.0
p1k_00430	7040832.0	5518.0	356945.0	115289.0	749606.0	386377.0	141381.0
p1k_00431	8195333.0	493.0	434231.0	119375.0	1110981.0	419275.0	159308.0
p1k_00432	9778814.0	766.0	574093.0	144500.0	1256350.0	493477.0	194947.0
p1k_00433	2195046.0	413.0	272103.0	113151.0	490941.0	113383.0	43898.0
p1k_00434	2047877.0	346.0	225570.0	105175.0	470531.0	111187.0	38733.0
p1k_00435	7277239.0	1677.0	342578.0	110362.0	1161229.0	409082.0	135003.0
p1k_00436	8042314.0	3730.0	502653.0	113088.0	1071517.0	442986.0	148574.0
p1k_00437	8526637.0	655.0	332218.0	85227.0	1340561.0	449567.0	132742.0
p1k_00438	8786468.0	724.0	311569.0	98945.0	1433602.0	461330.0	144954.0
p1k_00439	4094271.0	552.0	581069.0	202996.0	693930.0	230878.0	82498.0
p1k_00440	5263239.0	531.0	725366.0	315859.0	1025506.0	300061.0	113894.0
p1k_00441	10151112.0	396497.0	367223.0	146134.0	1835947.0	593385.0	400535.0
p1k_00442	9620666.0	307317.0	345988.0	138552.0	1770779.0	552548.0	407224.0
p1k_00443	7899462.0	243564.0	289364.0	48175.0	1596587.0	453664.0	317649.0
p1k_00444	8466093.0	193979.0	317667.0	131674.0	1655494.0	436911.0	417842.0
p1k_00445	9764192.0	280217.0	273082.0	142194.0	1907849.0	565480.0	404343.0
p1k_00446	9873600.0	299614.0	307103.0	131060.0	1914460.0	576508.0	407619.0
p1k_00447	10374722.0	687189.0	396773.0	146067.0	1886175.0	622309.0	452952.0
p1k_00448	11043449.0	384265.0	288673.0	37801.0	2001077.0	479009.0	310421.0
p1k_00449	9596441.0	1245852.0	215422.0	152797.0	1427505.0	488447.0	437146.0
p1k_00450	9742162.0	261699.0	265638.0	168872.0	1165067.0	473063.0	522115.0
p1k_00451	10337070.0	490903.0	245565.0	221111.0	1267240.0	614927.0	521874.0
p1k_00452	9715307.0	105113.0	204134.0	360857.0	898035.0	528411.0	546499.0
p1k_00453	10721143.0	870498.0	237948.0	188608.0	1464402.0	636749.0	450300.0
p1k_00454	10050752.0	683726.0	285276.0	163248.0	1314471.0	597506.0	461570.0
p1k_00455	4135931.0	2319506.0	110165.0	61153.0	728479.0	147474.0	120523.0
p1k_00456	4265166.0	2400407.0	100663.0	17103.0	623953.0	113175.0	94210.0
p1k_00457	5018755.0	1243183.0	106694.0	42910.0	694747.0	257147.0	153303.0
p1k_00458	4805409.0	1040952.0	98538.0	61247.0	701928.0	253678.0	153568.0
p1k_00459	6005030.0	3178275.0	182925.0	70414.0	1541624.0	395781.0	208979.0
p1k_00460	7002543.0	3449786.0	197951.0	83930.0	1866241.0	465380.0	241257.0
p1k_00461	7684347.0	1944463.0	232296.0	133133.0	755545.0	409271.0	310302.0
p1k_00462	7014831.0	1936591.0	215043.0	115843.0	683254.0	325699.0	289248.0
p1k_00463	7508459.0	2838740.0	207062.0	91658.0	1938204.0	495029.0	274296.0
p1k_00464	8046098.0	2038384.0	210441.0	82788.0	2142087.0	526649.0	281829.0
p1k_00465	3764010.0	2899608.0	117740.0	45522.0	636889.0	132152.0	107158.0
p1k_00466	3998356.0	2596060.0	107019.0	46623.0	680454.0	144872.0	117049.0
p1k_00467	5929104.0	698231.0	123184.0	60256.0	944197.0	305740.0	183332.0
p1k_00468	4906408.0	1340105.0	115170.0	59870.0	680257.0	269903.0	156416.0
p1k_00469	7258225.0	984747.0	159254.0	50240.0	734075.0	331063.0	268059.0
p1k_00470	8655547.0	750105.0	149681.0	78272.0	810328.0	335990.0	310533.0
p1k_00471	10576254.0	1606844.0	206864.0	113584.0	728027.0	460631.0	476953.0
p1k_00472	8630514.0	1399820.0	190522.0	140972.0	738032.0	463249.0	384550.0
p1k_00473	7406151.0	444140.0	166980.0	87603.0	1644145.0	425251.0	270190.0
p1k_00474	6991172.0	106923.0	133567.0	82147.0	1455047.0	393623.0	266853.0
p1k_00475	6887607.0	119805.0	151157.0	110439.0	1563831.0	416882.0	260505.0
p1k_00476	7834703.0	140448.0	159164.0	112918.0	1872813.0	421347.0	303160.0
p1k_00477	9499953.0	19104.0	291894.0	227216.0	1193946.0	542638.0	512556.0
p1k_00478	11388633.0	18206.0	329075.0	244670.0	1434240.0	720726.0	591808.0
p1k_00479	10097453.0	1821859.0	354562.0	131818.0	1601609.0	703764.0	458305.0
p1k_00480	9840361.0	10404.0	279178.0	94219.0	1786933.0	677988.0	430074.0
p1k_00481	5368966.0	815036.0	80678.0	40346.0	863009.0	185221.0	126930.0
p1k_00482	4689457.0	1292150.0	104650.0	44290.0	677960.0	162528.0	119699.0
p1k_00483	5153506.0	406455.0	90544.0	24348.0	600820.0	229827.0	179541.0
p1k_00484	5418399.0	781814.0	92982.0	49898.0	565534.0	235020.0	196281.0
p1k_00485	8187318.0	4154764.0	443178.0	244460.0	646208.0	479245.0	418213.0
p1k_00486	12135851.0	14521.0	239711.0	191250.0	889846.0	609097.0	590566.0
p1k_00487	11960252.0	24805.0	301061.0	321601.0	1118281.0	601428.0	625596.0
p1k_00488	12565291.0	99805.0	271855.0	284827.0	1193316.0	688655.0	622170.0
p1k_00489	7206330.0	1107558.0	197887.0	89411.0	2016344.0	454007.0	252833.0
p1k_00490	7136889.0	89558.0	159030.0	76824.0	1958900.0	395568.0	252669.0
p1k_00491	6338396.0	2951959.0	171099.0	51217.0	1874448.0	414239.0	199659.0
p1k_00492	5610581.0	1857347.0	131988.0	62701.0	1687626.0	365051.0	183270.0
p1k_00493	7105817.0	1538722.0	175499.0	88669.0	1874580.0	383776.0	268941.0
p1k_00494	7515622.0	968791.0	205919.0	80123.0	2041419.0	404239.0	279718.0
p1k_00495	5380889.0	1728375.0	105999.0	65778.0	586446.0	234362.0	213034.0
p1k_00496	4761240.0	1546703.0	92828.0	66788.0	480754.0	210670.0	194110.0
p1k_00497	5799630.0	1267639.0	96895.0	56868.0	791643.0	220021.0	169115.0
p1k_00498	4882070.0	2587101.0	107602.0	42110.0	787331.0	183597.0	130856.0
p1k_00499	5038879.0	6474.0	112175.0	104349.0	828851.0	307598.0	207339.0
p1k_00500	4051391.0	1549.0	101156.0	120229.0	641588.0	212528.0	175151.0
p1k_00501	10369913.0	9470.0	196936.0	203806.0	1158598.0	533031.0	512739.0
p1k_00502	9699960.0	34160.0	259447.0	221972.0	1366628.0	613941.0	479154.0
p1k_00503	9567025.0	228908.0	236360.0	252790.0	1150283.0	537439.0	497363.0
p1k_00504	9247570.0	16392.0	255579.0	160791.0	1212393.0	588729.0	449647.0
p1k_00505	11094982.0	15076.0	335959.0	108468.0	2019012.0	811752.0	403161.0
p1k_00506	11665245.0	23589.0	346860.0	91167.0	2138774.0	723640.0	420038.0
p1k_00507	5860025.0	2351535.0	156308.0	57488.0	1711793.0	369254.0	183927.0
p1k_00508	5355101.0	3228380.0	164794.0	74038.0	1524070.0	352600.0	181029.0
p1k_00509	11724366.0	16097.0	233206.0	254990.0	981965.0	577170.0	633294.0
p1k_00510	11240644.0	16748.0	252890.0	183562.0	890093.0	540813.0	578583.0
p1k_00511	3873439.0	10157.0	326053.0	111835.0	725234.0	384202.0	241359.0
p1k_00512	4335612.0	105851.0	318389.0	122323.0	728132.0	371335.0	268440.0
p1k_00513	3362467.0	3279.0	210164.0	122467.0	474846.0	269516.0	220739.0
p1k_00514	3267457.0	13199.0	247802.0	83027.0	594076.0	242731.0	177350.0
p1k_00515	4799070.0	13692.0	414681.0	127493.0	984022.0	352369.0	251110.0
p1k_00516	7827313.0	87464.0	655334.0	174827.0	1456280.0	623902.0	404640.0
p1k_00517	5825965.0	96061.0	460285.0	128441.0	1335983.0	518054.0	293333.0
p1k_00518	5569233.0	16416.0	233842.0	156378.0	851182.0	240391.0	248129.0
p1k_00519	5642371.0	17698.0	237769.0	169763.0	804270.0	244885.0	254809.0
p1k_00520	5965322.0	149791.0	272701.0	163291.0	1085689.0	278895.0	237887.0
p1k_00521	4928432.0	1082850.0	239771.0	133112.0	965678.0	229757.0	189843.0
p1k_00522	5276916.0	515164.0	200257.0	135062.0	1574949.0	431266.0	247144.0
p1k_00523	6581151.0	75979.0	238150.0	152372.0	1613949.0	579337.0	356340.0
p1k_00524	4956777.0	22718.0	194565.0	131213.0	1033588.0	444717.0	245785.0
p1k_00525	4988063.0	24778.0	179262.0	144764.0	1110757.0	473572.0	281827.0
p1k_00526	8136910.0	314325.0	314485.0	145817.0	1415938.0	558536.0	380437.0
p1k_00527	8974652.0	305965.0	338676.0	154446.0	1539904.0	598693.0	403506.0
p1k_00528	6929475.0	131817.0	218501.0	58573.0	929054.0	453720.0	341446.0
p1k_00529	7335743.0	117016.0	202916.0	130501.0	1052507.0	486800.0	354169.0
p1k_00530	5814917.0	19990.0	204606.0	105252.0	1019240.0	566911.0	303704.0
p1k_00531	7171361.0	37896.0	277408.0	210900.0	1158466.0	674812.0	376460.0
p1k_00532	5576689.0	15309.0	154015.0	89381.0	942335.0	517223.0	287627.0
p1k_00533	5544553.0	19272.0	156185.0	93600.0	1026642.0	446112.0	294810.0
p1k_00534	5031147.0	22556.0	188163.0	30049.0	1857173.0	402345.0	234456.0
p1k_00535	4942961.0	31582.0	151260.0	69851.0	1775430.0	442399.0	257379.0
p1k_00536	5616865.0	11941.0	212304.0	63421.0	1984515.0	476526.0	256596.0
p1k_00537	4968929.0	17595.0	158699.0	86241.0	2014371.0	486899.0	207512.0
p1k_00538	6029221.0	176166.0	261160.0	47841.0	1715312.0	369513.0	251526.0
p1k_00539	5981000.0	4763190.0	251104.0	49802.0	2111550.0	416373.0	248838.0
p1k_00540	6716054.0	9459.0	169220.0	99741.0	1143952.0	550197.0	313138.0
p1k_00541	8221268.0	26470.0	223851.0	103819.0	1397477.0	629499.0	391568.0
p1k_00542	7777318.0	64314.0	194335.0	95269.0	1366065.0	663476.0	341701.0
p1k_00543	8734605.0	1864813.0	263845.0	101790.0	1576343.0	702812.0	384756.0
p1k_00544	10666469.0	11495.0	299538.0	74126.0	2146455.0	818537.0	426910.0
p1k_00545	9208386.0	99527.0	259860.0	86522.0	1800038.0	794314.0	361842.0
p1k_00546	7454382.0	181250.0	233680.0	187700.0	1246497.0	649849.0	397456.0
p1k_00547	5746059.0	137035.0	177664.0	118644.0	1041059.0	476260.0	301289.0
p1k_00548	7710273.0	12406.0	231609.0	122372.0	1365139.0	761534.0	347690.0
p1k_00549	6381821.0	15316.0	167877.0	77828.0	1099456.0	538800.0	279929.0
p1k_00550	10233055.0	14944.0	229765.0	305685.0	1450634.0	908580.0	547200.0
p1k_00551	2834386.0	5297.0	92721.0	86512.0	477669.0	302778.0	136394.0
p1k_00552	5076769.0	14604.0	167085.0	142420.0	687110.0	466856.0	277298.0
p1k_00553	5410138.0	34886.0	217197.0	132241.0	799582.0	454390.0	288715.0
p1k_00554	3641155.0	56318.0	123093.0	87699.0	424761.0	243884.0	193394.0
p1k_00555	5909095.0	7074.0	207852.0	156894.0	644759.0	398683.0	335576.0
p1k_00556	10579749.0	26585.0	286419.0	153772.0	1448098.0	538683.0	351476.0
p1k_00557	4918013.0	89562.0	134327.0	73003.0	828022.0	258781.0	151196.0
p1k_00558	7091167.0	613.0	375633.0	211273.0	809539.0	377940.0	156432.0
p1k_00559	7298534.0	225281.0	497634.0	206168.0	858317.0	383562.0	156464.0
p1k_00560	3947318.0	5910.0	129711.0	30657.0	928446.0	247681.0	155240.0
p1k_00561	8513529.0	11560.0	265367.0	86281.0	2077975.0	569110.0	361952.0
p1k_00562	6428038.0	1980.0	1399562.0	10357.0	688242.0	391942.0	18911.0
p1k_00563	7661248.0	1641.0	1622356.0	11092.0	886141.0	472684.0	20689.0
p1k_00564	7308021.0	3134.0	1567568.0	11697.0	807611.0	441013.0	20530.0
p1k_00565	8815827.0	5519.0	1981549.0	12732.0	1143847.0	532492.0	23594.0
p1k_00566	4702324.0	3224925.0	192065.0	49110.0	1082776.0	343522.0	210181.0
p1k_00567	2899583.0	66912.0	79116.0	28399.0	623355.0	193972.0	125136.0
p1k_00568	5868285.0	31442.0	175175.0	97152.0	1458820.0	438443.0	251748.0
p1k_00569	6633670.0	28889.0	157876.0	116328.0	1544171.0	482890.0	295647.0
p1k_00570	6571130.0	72406.0	182587.0	245116.0	896549.0	350729.0	324222.0
p1k_00571	9339861.0	61220.0	323591.0	201735.0	1731291.0	468956.0	371050.0
p1k_00572	4547052.0	141748.0	163288.0	96546.0	958382.0	234906.0	159524.0
p1k_00573	2193688.0	1425410.0	89192.0	6189.0	406113.0	64414.0	48551.0
p1k_00574	6624729.0	4404.0	167105.0	125886.0	1384976.0	505191.0	321326.0
p1k_00575	5447838.0	4125.0	134662.0	98417.0	907654.0	457535.0	254223.0
p1k_00576	6483604.0	611.0	457793.0	181143.0	687491.0	335505.0	126833.0
p1k_00577	6551007.0	571.0	476449.0	218519.0	709871.0	356863.0	147488.0
p1k_00578	8082663.0	71896.0	279316.0	84476.0	1347940.0	552814.0	372476.0
p1k_00579	6780670.0	24680.0	243092.0	87003.0	1073698.0	471744.0	336704.0
p1k_00580	7939656.0	4623.0	1779193.0	11984.0	942539.0	529220.0	22808.0
p1k_00581	10330011.0	1904.0	540681.0	176302.0	901342.0	512661.0	227997.0
p1k_00582	10022246.0	2107.0	640808.0	318353.0	925813.0	540670.0	236077.0
p1k_00583	7655172.0	1894.0	484553.0	212115.0	758756.0	416662.0	171912.0
p1k_00584	4527941.0	59529.0	154881.0	19286.0	1127548.0	361329.0	165457.0
p1k_00585	6514765.0	84840.0	213185.0	46659.0	1717229.0	538795.0	237555.0
p1k_00586	3595189.0	47096.0	116039.0	14330.0	734822.0	212942.0	130450.0
p1k_00587	7406207.0	140695.0	279675.0	49230.0	1385725.0	497814.0	310812.0
p1k_00588	4218792.0	65302.0	104204.0	27901.0	642398.0	301580.0	171431.0
p1k_00589	7094165.0	80815.0	179459.0	35808.0	1028277.0	456390.0	284219.0
p1k_00590	4949942.0	115279.0	133200.0	19749.0	741288.0	333893.0	195107.0
p1k_00591	4388339.0	154097.0	109050.0	29152.0	770932.0	349723.0	205294.0
p1k_00592	8650071.0	76117.0	234927.0	139836.0	1649362.0	445752.0	468719.0
p1k_00593	7099386.0	170222.0	304844.0	79696.0	2103372.0	435920.0	392898.0
p1k_00594	6640298.0	521591.0	141699.0	47390.0	629927.0	349175.0	324232.0
p1k_00595	4257290.0	20532.0	95473.0	90708.0	594137.0	360498.0	250897.0
p1k_00596	7703478.0	35362.0	243486.0	160537.0	1191044.0	661706.0	408695.0
p1k_00597	6925830.0	20771.0	198710.0	127203.0	1132294.0	628951.0	347427.0
p1k_00598	9052944.0	13106.0	208307.0	218752.0	1312760.0	806552.0	510035.0
p1k_00599	7628730.0	18555.0	190701.0	149812.0	1191274.0	659557.0	398815.0
p1k_00600	6889373.0	45689.0	202998.0	83690.0	1116401.0	671115.0	370388.0
p1k_00601	7421908.0	10359.0	251580.0	117515.0	1001264.0	664504.0	413016.0
p1k_00602	6799756.0	56752.0	193146.0	102320.0	999763.0	556255.0	406148.0
p1k_00603	7496628.0	17288.0	148220.0	61979.0	1270417.0	583090.0	349748.0
p1k_00604	7244151.0	92150.0	183815.0	80319.0	1070194.0	595464.0	355558.0
p1k_00605	7394525.0	86757.0	175540.0	93751.0	1239322.0	596521.0	341250.0
p1k_00606	10176495.0	227216.0	243002.0	78900.0	1627897.0	1037170.0	433281.0
p1k_00607	9089520.0	302958.0	265009.0	78003.0	1434137.0	853374.0	419408.0
p1k_00608	8380575.0	24599.0	205040.0	60468.0	1234697.0	804294.0	352920.0
p1k_00609	8551501.0	787249.0	213592.0	44736.0	1537145.0	672110.0	352201.0
p1k_00610	9551978.0	17527.0	236365.0	71948.0	1436939.0	879018.0	395634.0
p1k_00611	8959535.0	17969.0	226846.0	71613.0	1361612.0	793242.0	400655.0
p1k_00612	8480157.0	13026.0	587360.0	61707.0	804285.0	469499.0	123988.0
p1k_00613	10622160.0	6579.0	700739.0	66142.0	1033520.0	596504.0	140090.0
p1k_00614	9228552.0	13312.0	623891.0	43536.0	1135898.0	484086.0	83106.0
p1k_00615	8736448.0	3563.0	550261.0	44670.0	1042967.0	458021.0	78824.0
p1k_00616	8000301.0	23143.0	4389484.0	25215.0	1807359.0	523934.0	18934.0
p1k_00617	7941225.0	10282.0	4316048.0	20074.0	1796510.0	505840.0	18416.0
p1k_00618	12112267.0	33175.0	2766677.0	32869.0	2453882.0	699925.0	22953.0
p1k_00619	11247462.0	30185.0	2566526.0	19642.0	2109966.0	599729.0	20401.0
p1k_00620	7777742.0	10491.0	4346149.0	27631.0	1842549.0	552399.0	17889.0
p1k_00621	7787432.0	24027.0	4327048.0	24833.0	1834601.0	547262.0	18565.0
p1k_00622	7284300.0	41343.0	3638581.0	25987.0	1847721.0	440134.0	15062.0
p1k_00623	6812628.0	100445.0	3702127.0	21434.0	1857404.0	410524.0	13453.0
p1k_00624	11147582.0	92056.0	3182362.0	27300.0	2372220.0	712493.0	21126.0
p1k_00625	8746066.0	40348.0	2241398.0	19645.0	1936891.0	561927.0	15173.0
p1k_00626	10187382.0	327862.0	1468282.0	45503.0	2008747.0	643036.0	13963.0
p1k_00627	12042392.0	216739.0	1632428.0	57617.0	2565735.0	749978.0	17663.0
p1k_00628	10940840.0	22229.0	2078369.0	42781.0	2116787.0	684982.0	14569.0
p1k_00629	8256018.0	104011.0	1609831.0	51323.0	1635497.0	528217.0	10784.0
p1k_00630	13031378.0	17548.0	872797.0	41262.0	3415654.0	805413.0	27326.0
p1k_00631	11825803.0	33056.0	568753.0	45325.0	3004952.0	727370.0	26043.0
p1k_00632	8437373.0	45308.0	3615306.0	21894.0	2027378.0	558140.0	15966.0
p1k_00633	7264344.0	42741.0	3189790.0	15345.0	1617041.0	478181.0	13184.0
p1k_00634	10018258.0	18161.0	1965175.0	48064.0	2405113.0	604312.0	16519.0
p1k_00635	9290778.0	28582.0	1735290.0	60396.0	2255145.0	523747.0	13983.0
p1k_00636	7682505.0	21260.0	2669620.0	40903.0	1684277.0	477422.0	10815.0
p1k_00637	7619501.0	86669.0	2470134.0	39960.0	1720228.0	481180.0	9543.0
p1k_00638	10569057.0	162004.0	2527759.0	27853.0	2713639.0	716000.0	20500.0
p1k_00639	9714123.0	43592.0	2135728.0	22535.0	2475006.0	652219.0	19748.0
p1k_00640	7214761.0	13483.0	4003397.0	41218.0	1786684.0	487079.0	12688.0
p1k_00641	7367699.0	16884.0	3939161.0	38832.0	1822107.0	478883.0	12678.0
p1k_00642	9613850.0	115883.0	3365132.0	19883.0	2174269.0	630894.0	19045.0
p1k_00643	9837519.0	85388.0	3504424.0	22286.0	2469024.0	652462.0	16618.0
p1k_00644	9879663.0	13361.0	2881000.0	24888.0	2156499.0	629221.0	21658.0
p1k_00645	8233490.0	12594.0	3494878.0	25392.0	1920199.0	538305.0	18874.0
p1k_00646	11027564.0	74654.0	852580.0	36117.0	4400898.0	604464.0	20894.0
p1k_00647	11023875.0	20773.0	673864.0	33115.0	3687812.0	593577.0	20960.0
p1k_00648	10921799.0	9116.0	2437291.0	30704.0	2131032.0	700467.0	24004.0
p1k_00649	10626064.0	20841.0	2329975.0	22441.0	2158662.0	679902.0	19580.0
p1k_00650	9050055.0	40246.0	2740908.0	18085.0	1945372.0	582177.0	17361.0
p1k_00651	10246717.0	34785.0	3255768.0	28075.0	2130029.0	654276.0	22752.0
p1k_00652	7101171.0	23914.0	3278032.0	41186.0	1813258.0	520496.0	11320.0
p1k_00653	7527581.0	17214.0	3564718.0	55438.0	1839011.0	520627.0	12882.0
p1k_00654	9201588.0	17997.0	1604081.0	40621.0	2176378.0	545341.0	13864.0
p1k_00655	8823613.0	20451.0	1440611.0	57554.0	2266162.0	495860.0	11135.0
p1k_00656	9656794.0	18657.0	3276555.0	20263.0	2209097.0	649189.0	20921.0
p1k_00657	10204573.0	32293.0	3491218.0	32876.0	2263113.0	692617.0	20919.0
p1k_00658	10423450.0	103141.0	2232242.0	33087.0	3242708.0	557382.0	20956.0
p1k_00659	10388095.0	62853.0	2371042.0	33814.0	3137077.0	552628.0	21417.0
p1k_00660	8610996.0	78063.0	1770107.0	62009.0	2068499.0	566611.0	12039.0
p1k_00661	7983717.0	22116.0	1787427.0	51687.0	1987131.0	491272.0	12044.0
p1k_00662	8705913.0	95499.0	1265740.0	51375.0	2263608.0	499003.0	11851.0
p1k_00663	8907441.0	22615.0	1183833.0	73239.0	2328093.0	551584.0	11805.0
p1k_00664	11039626.0	76236.0	1332264.0	21789.0	2076116.0	651677.0	21354.0
p1k_00665	11036736.0	46409.0	1334581.0	46028.0	2259531.0	683794.0	18664.0
p1k_00666	10461615.0	8092.0	2757269.0	21005.0	2442070.0	410320.0	12257.0
p1k_00667	9050542.0	77935.0	1640292.0	14124.0	2521772.0	394045.0	12191.0
p1k_00668	9645733.0	11814.0	4125934.0	28201.0	2046895.0	649533.0	21922.0
p1k_00669	9130481.0	10625.0	4056315.0	21220.0	1940927.0	617235.0	19015.0
p1k_00670	9892757.0	39796.0	2558848.0	19822.0	2100049.0	650982.0	18919.0
p1k_00671	9210157.0	90335.0	2373121.0	23422.0	2042710.0	605952.0	17300.0
p1k_00672	8411456.0	29665.0	1868088.0	18225.0	1932148.0	472690.0	15282.0
p1k_00673	9964263.0	26963.0	1991869.0	29979.0	2370413.0	575160.0	17206.0
p1k_00674	7122902.0	28585.0	4757858.0	18363.0	1508099.0	436179.0	14045.0
p1k_00675	5700252.0	387224.0	3697908.0	16014.0	1186923.0	329193.0	11745.0
p1k_00676	11358987.0	69805.0	2216235.0	23419.0	2264444.0	675943.0	19139.0
p1k_00677	9868121.0	26608.0	1870549.0	20670.0	1991525.0	583470.0	14660.0
p1k_00678	7839133.0	132560.0	3168882.0	16902.0	1743620.0	516143.0	15396.0
p1k_00679	7827081.0	30968.0	3389500.0	21094.0	1688151.0	489865.0	14082.0
p1k_00680	9753836.0	29933.0	3316955.0	26981.0	1984160.0	636730.0	20446.0
p1k_00681	10991628.0	96286.0	3472660.0	31268.0	2340817.0	630831.0	22365.0
p1k_00682	9304244.0	133416.0	3524389.0	25825.0	2160407.0	625922.0	21902.0
p1k_00683	9084165.0	9707.0	3486452.0	33148.0	2116864.0	630278.0	22348.0
p1k_00684	10830623.0	638388.0	636658.0	43831.0	3281738.0	650731.0	21433.0
p1k_00685	10193797.0	406609.0	578535.0	41028.0	2838725.0	588170.0	23971.0
p1k_00686	10790931.0	600276.0	676167.0	34035.0	3176119.0	623549.0	20664.0
p1k_00687	11126267.0	363065.0	692101.0	18533.0	3553843.0	574536.0	19907.0
p1k_00688	11317778.0	296761.0	662529.0	61868.0	3727268.0	541569.0	19656.0
p1k_00689	9012231.0	453146.0	591202.0	44302.0	3132173.0	451874.0	16202.0
p1k_00690	10179642.0	91726.0	679746.0	28537.0	2934289.0	568066.0	21974.0
p1k_00691	9867555.0	68048.0	694506.0	40079.0	3033187.0	589459.0	20455.0
p1k_00692	9251628.0	215959.0	2479561.0	20372.0	1943255.0	600156.0	19238.0
p1k_00693	8602831.0	130792.0	2302450.0	26648.0	1773919.0	550598.0	16585.0
p1k_00694	9172003.0	64915.0	4062920.0	24587.0	1926873.0	596933.0	17920.0
p1k_00695	10174699.0	45447.0	4667316.0	30605.0	2222608.0	657235.0	19993.0
p1k_00696	7906294.0	10108.0	6537890.0	22531.0	2140953.0	516191.0	16079.0
p1k_00697	7296183.0	30332.0	6871017.0	12840.0	2006117.0	468581.0	14840.0
p1k_00698	8316688.0	10598.0	4554018.0	26163.0	2010232.0	556649.0	21137.0
p1k_00699	8688468.0	52109.0	4971366.0	28772.0	2133150.0	587398.0	20736.0
p1k_00700	10153794.0	56918.0	2924735.0	28237.0	2177755.0	722271.0	20758.0
p1k_00701	9505821.0	111799.0	2780885.0	28472.0	2033283.0	665309.0	18774.0
p1k_00702	11033219.0	27069.0	2295518.0	32582.0	2409678.0	716313.0	24747.0
p1k_00703	7049327.0	15678.0	1700092.0	21267.0	1862584.0	460288.0	16375.0
p1k_00704	9440411.0	17272.0	1978481.0	29199.0	2004334.0	589053.0	20079.0
p1k_00705	10325200.0	36039.0	2110588.0	21515.0	2214597.0	603373.0	21635.0
p1k_00706	8160212.0	17535.0	2928287.0	28055.0	1976301.0	532253.0	17803.0
p1k_00707	8367266.0	13128.0	3181038.0	29553.0	1940874.0	555853.0	20043.0
p1k_00708	11201279.0	293775.0	451175.0	36221.0	2959121.0	564385.0	19501.0
p1k_00709	11992034.0	141885.0	452683.0	37658.0	2674513.0	660413.0	21448.0
p1k_00710	6201985.0	556432.0	325755.0	56180.0	1314961.0	295607.0	85794.0
p1k_00711	6272206.0	29362.0	65151.0	0.0	1158811.0	226356.0	4019.0
p1k_00712	5653481.0	1663.0	26372.0	0.0	1043053.0	213496.0	3687.0
p1k_00713	4419318.0	2770.0	20528.0	0.0	742970.0	164443.0	2845.0
p1k_00714	5970785.0	5069.0	28915.0	0.0	1080427.0	232997.0	4033.0
p1k_00715	5431309.0	3509.0	26235.0	0.0	936061.0	218638.0	3800.0
p1k_00716	6810805.0	1818.0	89935.0	0.0	2482234.0	225893.0	4762.0
p1k_00717	6064639.0	534887.0	462926.0	54806.0	1961824.0	229586.0	105948.0
p1k_00718	3567062.0	3520600.0	435361.0	74426.0	388198.0	167396.0	48764.0
p1k_00719	6931601.0	2646.0	74575.0	0.0	1062946.0	250681.0	4777.0
p1k_00720	31284.0	3668370.0	859929.0	27719.0	4405020.0	16760.0	332.0
p1k_00721	5931328.0	2381.0	69934.0	0.0	1049699.0	209823.0	5509.0
p1k_00722	6341482.0	404979.0	239851.0	84685.0	1253173.0	313422.0	72160.0
p1k_00723	6083767.0	3116.0	61167.0	0.0	1237034.0	222532.0	4043.0
p1k_00724	5383843.0	733571.0	406492.0	81891.0	1621636.0	256840.0	88115.0
p1k_00725	6284458.0	1571.0	62624.0	0.0	1202568.0	237171.0	4160.0
p1k_00726	6786989.0	3577.0	70859.0	0.0	1024345.0	265041.0	4459.0
p1k_00727	6751122.0	43307.0	198061.0	97843.0	726643.0	292684.0	124432.0
p1k_00728	6935186.0	2090.0	63828.0	0.0	1167270.0	264760.0	4555.0
p1k_00729	10192870.0	729351.0	590788.0	187235.0	2439535.0	533621.0	90632.0
p1k_00730	6717307.0	11081.0	65451.0	0.0	1016916.0	261923.0	4507.0
p1k_00731	5202731.0	2007886.0	284458.0	68451.0	669223.0	260623.0	54677.0
p1k_00732	7029878.0	3899.0	65674.0	0.0	997451.0	264428.0	4645.0
p1k_00733	6563107.0	385857.0	306465.0	80030.0	1337145.0	317810.0	104776.0
p1k_00734	6291240.0	1670.0	60202.0	0.0	880600.0	243905.0	4030.0
p1k_00735	5267537.0	4618.0	32959.0	0.0	1179871.0	154974.0	3627.0
p1k_00736	6625319.0	2289.0	41445.0	0.0	1394425.0	204249.0	4399.0
p1k_00737	4851025.0	2151.0	34581.0	0.0	1106479.0	168971.0	3283.0
p1k_00738	5797860.0	2376.0	39708.0	0.0	1019784.0	189011.0	3712.0
p1k_00739	4764076.0	4187.0	33388.0	0.0	725298.0	166215.0	3059.0
p1k_00740	4195131.0	1092.0	27995.0	0.0	623267.0	140014.0	2758.0
p1k_00741	5214025.0	1963.0	35845.0	0.0	969604.0	184274.0	3491.0
p1k_00742	5359557.0	3516.0	36723.0	0.0	1010801.0	190906.0	3556.0
p1k_00743	5553594.0	3756.0	65952.0	0.0	1665388.0	201262.0	3836.0
p1k_00744	5325380.0	2752.0	31377.0	0.0	1225617.0	192928.0	3438.0
p1k_00745	4438108.0	4563.0	24392.0	0.0	1164070.0	166220.0	2931.0
p1k_00746	4973146.0	7585.0	27692.0	0.0	1299504.0	187371.0	3385.0
p1k_00747	6159677.0	5390.0	32168.0	0.0	1126262.0	255393.0	4054.0
p1k_00748	6099528.0	3976.0	31332.0	0.0	1111811.0	250206.0	4059.0
p1k_00749	5328159.0	604443.0	26205.0	0.0	1063474.0	222387.0	3624.0
p1k_00750	6244805.0	8750.0	31637.0	0.0	984792.0	250553.0	4150.0
p1k_00751	5772427.0	12469.0	33070.0	0.0	883301.0	233688.0	3737.0
p1k_00752	5168603.0	5164.0	30188.0	0.0	1005444.0	206871.0	3425.0
p1k_00753	6335268.0	3519.0	36334.0	0.0	1217140.0	193524.0	3967.0
p1k_00754	5143589.0	4762.0	32470.0	0.0	1350521.0	154715.0	3321.0
p1k_00755	5712495.0	4497.0	31260.0	0.0	1013446.0	201721.0	3329.0
p1k_00756	5940789.0	6374.0	31063.0	0.0	1051859.0	211178.0	3576.0
p1k_00757	6131476.0	7857.0	31666.0	0.0	1095097.0	218156.0	3719.0
p1k_00758	5744800.0	6210.0	32954.0	0.0	1170084.0	206354.0	3388.0
p1k_00759	6709802.0	13829.0	36002.0	0.0	1253357.0	232552.0	3937.0
p1k_00760	6657238.0	104100.0	35694.0	0.0	1243002.0	220261.0	3863.0
p1k_00761	5392808.0	4126.0	41615.0	0.0	2317136.0	191912.0	3943.0
p1k_00762	4006189.0	12871.0	31558.0	0.0	2500104.0	159627.0	3664.0
p1k_00763	5160175.0	3189.0	26148.0	0.0	1150321.0	196191.0	3402.0
p1k_00764	5264660.0	15964.0	27427.0	0.0	1057441.0	197459.0	3601.0
p1k_00765	5389856.0	2201.0	27949.0	0.0	1173158.0	199918.0	3326.0
p1k_00766	4182776.0	1181.0	29078.0	0.0	979497.0	148638.0	2434.0
p1k_00767	4955171.0	228228.0	38190.0	0.0	1493598.0	184447.0	3403.0
p1k_00768	3378602.0	3361.0	26246.0	0.0	1108811.0	124201.0	2410.0
p1k_00769	5500367.0	3091.0	40826.0	0.0	1266928.0	191634.0	3772.0
p1k_00770	5200413.0	3750.0	37424.0	0.0	1137327.0	178935.0	3512.0
p1k_00771	8559056.0	810.0	79121.0	0.0	906800.0	380017.0	3729.0
p1k_00772	7137683.0	654.0	63742.0	0.0	713396.0	307743.0	3032.0
p1k_00773	6287260.0	929.0	59025.0	0.0	823903.0	246353.0	3075.0
p1k_00774	6295516.0	2282.0	59515.0	0.0	676598.0	248067.0	6351.0
p1k_00775	8545843.0	1017.0	78992.0	0.0	950181.0	363902.0	3989.0
p1k_00776	8462948.0	661.0	78147.0	0.0	860856.0	357759.0	3807.0
p1k_00777	5745183.0	619.0	59066.0	0.0	728832.0	235814.0	2913.0
p1k_00778	6529971.0	821.0	57325.0	0.0	804656.0	245511.0	2941.0
p1k_00779	7785967.0	2109.0	79123.0	0.0	1315495.0	345967.0	3972.0
p1k_00780	7113613.0	1313.0	68743.0	0.0	977794.0	309426.0	3605.0
p1k_00781	8800663.0	2224.0	91943.0	0.0	1633166.0	367524.0	5836.0
p1k_00782	7379053.0	1401.0	70684.0	0.0	1167633.0	290571.0	4489.0
p1k_00783	9190128.0	1095.0	83871.0	0.0	942052.0	391171.0	3925.0
p1k_00784	7894281.0	740.0	72093.0	0.0	811803.0	341448.0	3462.0
p1k_00785	7182928.0	1122.0	68784.0	0.0	930512.0	277320.0	3641.0
p1k_00786	7515693.0	1266.0	76130.0	0.0	1092538.0	310155.0	4374.0
p1k_00787	6683371.0	657.0	60514.0	0.0	698661.0	278818.0	2882.0
p1k_00788	7632066.0	723.0	70675.0	0.0	847562.0	322298.0	3400.0
p1k_00789	5936946.0	1085.0	58737.0	0.0	943367.0	239178.0	3119.0
p1k_00790	7741911.0	1148.0	79085.0	0.0	1444224.0	325134.0	4109.0
p1k_00791	1866544.0	533295.0	104004.0	13583.0	1680632.0	121235.0	58604.0
p1k_00792	2293871.0	547641.0	230616.0	31046.0	941536.0	141035.0	88360.0
p1k_00793	1593431.0	416287.0	97804.0	12376.0	1916178.0	130858.0	39816.0
p1k_00794	2135300.0	1522795.0	234165.0	23901.0	2027514.0	130170.0	62328.0
p1k_00795	9950826.0	32404.0	312792.0	521199.0	1009793.0	495675.0	536747.0
p1k_00796	9635785.0	113542.0	542140.0	440898.0	1528937.0	507161.0	452248.0
p1k_00797	4336271.0	1171025.0	157513.0	189610.0	673913.0	183090.0	215535.0
p1k_00798	5729652.0	61599.0	169211.0	186951.0	878446.0	223904.0	267173.0
p1k_00799	5425921.0	155162.0	183005.0	198969.0	831759.0	255620.0	244874.0
p1k_00800	6012497.0	31603.0	197162.0	150218.0	1002796.0	252351.0	258971.0
p1k_00801	4526599.0	28113.0	152772.0	146126.0	746919.0	222902.0	196765.0
p1k_00802	5640733.0	14119.0	180854.0	213848.0	853852.0	252276.0	271311.0
p1k_00803	7002264.0	145079.0	402891.0	685151.0	1390264.0	414275.0	371155.0
p1k_00804	6955232.0	171274.0	385609.0	764807.0	1342493.0	423075.0	377199.0
p1k_00805	8305935.0	104551.0	525096.0	700541.0	1225814.0	465553.0	452996.0
p1k_00806	11483132.0	364657.0	768189.0	921703.0	1813671.0	662875.0	631738.0
p1k_00807	7254886.0	62414.0	408974.0	471406.0	995718.0	394737.0	373437.0
p1k_00808	8301605.0	97687.0	605169.0	658224.0	1169083.0	471145.0	457759.0
p1k_00809	8309281.0	143025.0	323129.0	537128.0	870546.0	442719.0	501863.0
p1k_00810	10401237.0	130807.0	468125.0	1191182.0	1052250.0	619719.0	695892.0
p1k_00811	8309887.0	64356.0	432720.0	593390.0	878924.0	453186.0	536562.0
p1k_00812	8654612.0	347133.0	537136.0	578790.0	975326.0	467592.0	546115.0
p1k_00813	8755084.0	439285.0	388229.0	483787.0	962090.0	440610.0	493964.0
p1k_00814	11894991.0	118969.0	480791.0	637189.0	1242305.0	601460.0	693219.0
p1k_00815	8550051.0	80327.0	471121.0	704711.0	878306.0	472118.0	511631.0
p1k_00816	8320184.0	551864.0	392912.0	591535.0	1079816.0	462078.0	451858.0
p1k_00817	7427884.0	280523.0	331323.0	590782.0	775326.0	398331.0	451383.0
p1k_00818	10031411.0	214758.0	432415.0	670257.0	1231054.0	545041.0	572076.0
p1k_00819	8417246.0	104403.0	399578.0	787715.0	663698.0	459947.0	561797.0
p1k_00820	6344279.0	41244.0	246181.0	1025016.0	489257.0	386677.0	489378.0
p1k_00821	1111801.0	205122.0	186363.0	22415.0	531486.0	135649.0	586.0
p1k_00822	1836120.0	298815.0	679448.0	9075.0	340935.0	453858.0	1560.0
p1k_00823	944033.0	168679.0	117166.0	12966.0	114151.0	186946.0	799.0
p1k_00824	1348847.0	56932.0	262803.0	6331.0	244717.0	356616.0	1505.0
p1k_00825	1052668.0	160744.0	1214712.0	22273.0	171947.0	274096.0	1675.0
p1k_00826	8801536.0	1014455.0	545062.0	63911.0	1913995.0	688003.0	10450.0
p1k_00827	12962764.0	1154007.0	781052.0	155642.0	2831911.0	1073184.0	17416.0
p1k_00828	8617049.0	1025693.0	204286.0	85077.0	1756875.0	591872.0	348633.0
p1k_00829	7290565.0	312456.0	218508.0	70967.0	1020534.0	492247.0	355719.0
p1k_00830	5929307.0	1596608.0	355354.0	866195.0	862167.0	540434.0	465672.0
p1k_00831	4462052.0	1043196.0	243915.0	507948.0	773784.0	360317.0	331822.0
p1k_00832	6312701.0	370385.0	315101.0	85091.0	965618.0	534662.0	265291.0
p1k_00833	6077342.0	183864.0	175392.0	79334.0	1062192.0	480976.0	250445.0
p1k_00834	6145863.0	795008.0	347918.0	64825.0	993969.0	487087.0	273437.0
p1k_00835	7058909.0	43145.0	395451.0	60634.0	1090232.0	617957.0	290628.0
p1k_00836	10445938.0	19071.0	799456.0	71472.0	1376933.0	666036.0	376772.0
p1k_00837	9650146.0	19563.0	830156.0	57098.0	1630944.0	629366.0	319340.0
p1k_00838	6439263.0	144917.0	344515.0	516048.0	1469773.0	607451.0	419496.0
p1k_00839	3186962.0	51614.0	177909.0	301826.0	739397.0	301080.0	218449.0
p1k_00840	4703965.0	3019080.0	378168.0	45136.0	447386.0	284741.0	305855.0
p1k_00841	8309171.0	2908228.0	766491.0	30872.0	678869.0	459237.0	438979.0
p1k_00842	3521544.0	729444.0	79204.0	30638.0	328068.0	169497.0	163201.0
p1k_00843	8924736.0	1608691.0	608902.0	73566.0	746544.0	541948.0	431049.0
p1k_00844	4433064.0	647195.0	206300.0	436136.0	732466.0	373624.0	308788.0
p1k_00845	5246453.0	225928.0	341704.0	527470.0	867883.0	462237.0	392587.0
p1k_00846	4826768.0	431635.0	233646.0	456345.0	1214470.0	425549.0	302115.0
p1k_00847	5871337.0	635351.0	390903.0	291905.0	1406667.0	405348.0	376933.0
p1k_00848	12858014.0	322734.0	561720.0	75051.0	2243042.0	830845.0	509021.0
p1k_00849	10231796.0	83730.0	476615.0	73152.0	2465147.0	766419.0	334412.0
p1k_00850	6990880.0	17628.0	252233.0	84501.0	972684.0	612688.0	314343.0
p1k_00851	7551114.0	22368.0	299132.0	94484.0	1049177.0	649313.0	327134.0
p1k_00852	6825444.0	322768.0	214805.0	74240.0	1083453.0	529368.0	295594.0
p1k_00853	6526543.0	1411767.0	222528.0	60124.0	1179874.0	528078.0	243730.0
p1k_00854	11133799.0	67653.0	679903.0	42298.0	1673038.0	742338.0	530888.0
p1k_00855	6682553.0	33621.0	459673.0	599611.0	1515735.0	648059.0	464843.0
p1k_00856	6264478.0	18075.0	265881.0	73124.0	882383.0	504994.0	274379.0
p1k_00857	86503692.0	803389.0	4496955.0	562446.0	17708152.0	7550320.0	2864432.0
p1k_00858	5834335.0	32486.0	301068.0	23465.0	1190988.0	529577.0	219853.0
p1k_00859	6227095.0	55444.0	371730.0	43420.0	1353727.0	590788.0	227242.0
p1k_00860	10026484.0	95260.0	843629.0	58570.0	1171569.0	662258.0	470324.0
p1k_00861	9157830.0	92345.0	293624.0	85392.0	1330270.0	550387.0	459230.0
p1k_00862	5404952.0	764103.0	435280.0	431596.0	1511067.0	488865.0	385022.0
p1k_00863	6438947.0	1061586.0	426384.0	517844.0	1535083.0	554867.0	409218.0
p1k_00864	6965912.0	88053.0	249301.0	63967.0	961704.0	440919.0	364264.0
p1k_00865	6136670.0	2109461.0	238943.0	87857.0	814834.0	359907.0	334125.0
p1k_00866	9113589.0	42260.0	371021.0	29989.0	1339346.0	703404.0	359524.0
p1k_00867	9578649.0	103003.0	472534.0	72256.0	1150228.0	689812.0	482624.0
p1k_00868	4831250.0	97509.0	375991.0	403677.0	967409.0	430883.0	354755.0
p1k_00869	4957017.0	300553.0	278227.0	358285.0	1217337.0	490887.0	327374.0
p1k_00870	5639649.0	208345.0	318825.0	217889.0	1232795.0	422926.0	368164.0
p1k_00871	2956807.0	214193.0	189537.0	248526.0	637240.0	238876.0	215113.0
p1k_00872	14050012.0	337904.0	924028.0	138036.0	3039715.0	940381.0	623792.0
p1k_00873	7177687.0	394514.0	208261.0	67733.0	1804304.0	491912.0	297931.0
p1k_00874	6543242.0	38545.0	355807.0	28994.0	1109251.0	630480.0	235471.0
p1k_00875	6850468.0	30024.0	314445.0	69227.0	1100294.0	688196.0	279468.0
p1k_00876	5171872.0	504766.0	275067.0	85988.0	1019088.0	463203.0	230744.0
p1k_00877	53549255.0	3413822.0	3315402.0	678889.0	11212678.0	4452800.0	2467719.0
p1k_00878	9246118.0	224488.0	277844.0	104046.0	1488391.0	538580.0	492975.0
p1k_00879	14616093.0	122529.0	864367.0	130090.0	2207117.0	961260.0	708391.0
p1k_00880	7847135.0	660305.0	947283.0	30108.0	1338537.0	551111.0	359413.0
p1k_00881	7245494.0	451744.0	275381.0	47190.0	1383906.0	467363.0	334675.0
p1k_00882	10252637.0	230277.0	264004.0	190875.0	694481.0	603611.0	510380.0
p1k_00883	10597499.0	577579.0	293040.0	230773.0	701258.0	624725.0	531047.0
p1k_00884	10455193.0	5698.0	313457.0	186803.0	709427.0	601705.0	524232.0
p1k_00885	9706366.0	5480.0	272280.0	192318.0	619745.0	755232.0	342172.0
p1k_00886	726829.0	10586.0	10993290.0	110259.0	268022.0	41142.0	38437.0
p1k_00887	820004.0	31015.0	11676995.0	116875.0	283109.0	44183.0	42840.0
p1k_00888	781404.0	11586.0	11390353.0	125731.0	234302.0	42080.0	42467.0
p1k_00889	1062648.0	15882.0	14950419.0	159604.0	302799.0	55688.0	57846.0
p1k_00890	7346307.0	47392.0	320780.0	316294.0	1412948.0	311134.0	365250.0
p1k_00891	6080459.0	54400.0	335876.0	288033.0	1419955.0	241106.0	303451.0
p1k_00892	3691917.0	31835.0	206884.0	228008.0	437335.0	209668.0	198937.0
p1k_00893	4697274.0	29605.0	274014.0	302299.0	701540.0	254830.0	258329.0
p1k_00894	3779693.0	19767.0	294348.0	182167.0	477525.0	195916.0	174416.0
p1k_00895	4259641.0	32840.0	297405.0	252418.0	520367.0	237871.0	204161.0
p1k_00896	4285706.0	17960.0	376774.0	619401.0	514221.0	210373.0	304279.0
p1k_00897	4397574.0	19027.0	284972.0	315833.0	661703.0	218294.0	254100.0
p1k_00898	4301690.0	22484.0	279143.0	395644.0	500498.0	225277.0	304451.0
p1k_00899	4609791.0	18802.0	264814.0	423847.0	497597.0	246160.0	331032.0
p1k_00900	3962809.0	46148.0	240898.0	161517.0	941843.0	151604.0	200196.0
p1k_00901	2935411.0	63728.0	384607.0	89133.0	1046764.0	130398.0	137358.0
p1k_00902	3950757.0	19056.0	222703.0	232674.0	632290.0	197906.0	224818.0
p1k_00903	4311578.0	15497.0	257824.0	257956.0	657818.0	217531.0	246915.0
p1k_00904	4119069.0	19770.0	197822.0	299202.0	519996.0	193310.0	245747.0
p1k_00905	6003944.0	34163.0	325975.0	395515.0	874824.0	275176.0	336181.0
p1k_00906	7207025.0	73812.0	398659.0	60125.0	1256240.0	432030.0	250588.0
p1k_00907	8136679.0	150803.0	463075.0	98863.0	1547983.0	495195.0	309646.0
p1k_00908	7050590.0	91291.0	488216.0	115617.0	1275971.0	406226.0	229786.0
p1k_00909	5965535.0	71541.0	396651.0	90189.0	1172966.0	361431.0	207127.0
p1k_00910	6273708.0	2107.0	586029.0	329031.0	905418.0	344714.0	139003.0
p1k_00911	8544445.0	3433.0	805925.0	407987.0	1376590.0	479992.0	187885.0
p1k_00912	6212693.0	257481.0	386189.0	281431.0	950360.0	363793.0	298356.0
p1k_00913	6681107.0	136031.0	405161.0	220828.0	1176813.0	377539.0	290106.0
p1k_00914	6797200.0	131735.0	373825.0	56170.0	1151962.0	450592.0	223949.0
p1k_00915	6343582.0	56625.0	315246.0	116177.0	1376152.0	396318.0	217112.0
p1k_00916	5990201.0	230536.0	305178.0	120575.0	1035359.0	349317.0	230104.0
p1k_00917	7888817.0	76918.0	454909.0	136729.0	1736102.0	479133.0	264022.0
p1k_00918	6927798.0	196300.0	428456.0	94774.0	1563818.0	395399.0	240902.0
p1k_00919	5407544.0	327077.0	326200.0	90181.0	1156905.0	303384.0	208222.0
p1k_00920	7746686.0	2391.0	694818.0	317123.0	927317.0	408956.0	152225.0
p1k_00921	4531604.0	1535.0	444626.0	233015.0	700888.0	241899.0	98724.0
p1k_00922	11160099.0	325296.0	590165.0	698833.0	1465456.0	464643.0	562497.0
p1k_00923	12397900.0	265788.0	571966.0	756774.0	1906509.0	515637.0	654748.0
p1k_00924	10767692.0	1142566.0	596394.0	736499.0	1268579.0	459893.0	572634.0
p1k_00925	11878227.0	274598.0	549436.0	718899.0	1532577.0	483255.0	576571.0
p1k_00926	10938966.0	262083.0	551030.0	667142.0	1696517.0	456619.0	568114.0
p1k_00927	10917952.0	198724.0	476974.0	626246.0	1523010.0	449472.0	544962.0
p1k_00928	12854520.0	268708.0	652653.0	477936.0	2019427.0	456271.0	545046.0
p1k_00929	10168411.0	354509.0	435927.0	585511.0	1743564.0	395449.0	490435.0
p1k_00930	1030409.0	6537.0	163929.0	80439.0	348381.0	56003.0	20831.0
p1k_00931	826490.0	1764.0	126842.0	64421.0	222418.0	44727.0	16472.0
p1k_00932	3354245.0	1004495.0	555233.0	197064.0	430930.0	169315.0	70529.0
p1k_00933	3058634.0	2274.0	415809.0	167941.0	565116.0	156903.0	62618.0
p1k_00934	2796960.0	26471.0	194163.0	16595.0	378829.0	185342.0	3671.0
p1k_00935	3444636.0	71628.0	218027.0	7510.0	459309.0	227776.0	4330.0
p1k_00936	3039196.0	227434.0	179698.0	16102.0	513073.0	196107.0	3966.0
p1k_00937	6022164.0	194288.0	365015.0	32737.0	856343.0	408531.0	8564.0
p1k_00938	1154964.0	31581.0	88907.0	8042.0	245374.0	73727.0	1587.0
p1k_00939	1909209.0	36117.0	111347.0	9930.0	427868.0	121248.0	2584.0
p1k_00940	1009056.0	165396.0	202579.0	17023.0	303193.0	63414.0	1273.0
p1k_00941	611488.0	110793.0	166666.0	12712.0	166134.0	36664.0	815.0
p1k_00942	7929194.0	187069.0	1300883.0	15681.0	1507206.0	524160.0	8348.0
p1k_00943	2190022.0	250727.0	295956.0	14677.0	425721.0	137187.0	2889.0
p1k_00944	1910964.0	53106.0	183892.0	10570.0	401249.0	120071.0	2523.0
p1k_00945	2083070.0	113632.0	159108.0	9430.0	502121.0	122404.0	4347.0
p1k_00946	2612525.0	201765.0	316259.0	12665.0	484655.0	162951.0	4402.0
p1k_00947	4928879.0	189709.0	404962.0	27450.0	735413.0	317038.0	6807.0
p1k_00948	3187171.0	360690.0	780106.0	23000.0	583856.0	207146.0	4077.0
p1k_00949	3676417.0	1104382.0	316099.0	105293.0	492810.0	230351.0	3450.0
p1k_00950	7662765.0	209317.0	1278975.0	13278.0	977336.0	470272.0	7189.0
p1k_00951	2974163.0	21684.0	198101.0	6960.0	447559.0	180174.0	3269.0
p1k_00952	2033640.0	140272.0	90536.0	5471.0	365881.0	125568.0	3368.0
p1k_00953	5750513.0	182061.0	443546.0	18789.0	662008.0	349626.0	8913.0
p1k_00954	5712028.0	281464.0	910356.0	39151.0	827679.0	362847.0	6658.0
p1k_00955	5316019.0	276431.0	344994.0	36390.0	676896.0	332023.0	5072.0
p1k_00956	2898955.0	387481.0	224401.0	46818.0	406998.0	175432.0	2972.0
p1k_00957	3932063.0	112306.0	246675.0	12554.0	623286.0	235092.0	4376.0
p1k_00958	8296274.0	265394.0	1422500.0	15703.0	1588021.0	502079.0	9484.0
p1k_00959	845416.0	65177.0	319305.0	6486.0	164200.0	51404.0	989.0
p1k_00960	985531.0	166528.0	334260.0	10665.0	201655.0	61175.0	1596.0
p1k_00961	8924654.0	196815.0	1494681.0	16973.0	1206887.0	603361.0	8798.0
p1k_00962	1889132.0	19750.0	107480.0	9183.0	281077.0	122233.0	2800.0
p1k_00963	1080411.0	50210.0	72125.0	6347.0	174748.0	68928.0	1444.0
p1k_00964	1291520.0	66131.0	91993.0	7625.0	250309.0	80049.0	1924.0
p1k_00965	1951948.0	85485.0	141172.0	14966.0	419992.0	120161.0	2551.0
p1k_00966	1248147.0	53979.0	450212.0	19212.0	199700.0	45099.0	948.0
p1k_00967	9440339.0	278906.0	1864306.0	15138.0	1523222.0	599511.0	9548.0
p1k_00968	2421249.0	59638.0	247564.0	22138.0	552609.0	154772.0	3393.0
p1k_00969	2696716.0	182610.0	248024.0	41559.0	667287.0	173296.0	3677.0
p1k_00970	2551909.0	104712.0	168339.0	11588.0	547397.0	158867.0	4057.0
p1k_00971	3226940.0	75472.0	180601.0	16180.0	783823.0	194349.0	4618.0
p1k_00972	5543310.0	496740.0	2989494.0	36129.0	787204.0	361115.0	6847.0
p1k_00973	5330931.0	185755.0	396704.0	47171.0	616370.0	315669.0	5650.0
p1k_00974	1329815.0	171250.0	51628.0	4726.0	172261.0	83230.0	2103.0
p1k_00975	4236705.0	58970.0	290191.0	9228.0	577334.0	250043.0	4649.0
p1k_00976	1576255.0	96865.0	78158.0	5146.0	285871.0	85547.0	2295.0
p1k_00977	4120597.0	251312.0	375425.0	17053.0	651060.0	266495.0	4860.0
p1k_00978	4461593.0	369563.0	547666.0	30024.0	922355.0	299107.0	5057.0
p1k_00979	4559795.0	203894.0	330453.0	46698.0	547148.0	277979.0	4692.0
p1k_00980	3925671.0	929146.0	304977.0	21630.0	585909.0	216333.0	4488.0
p1k_00981	4220630.0	115549.0	328113.0	16011.0	620441.0	243866.0	4813.0
p1k_00982	1149323.0	72185.0	51021.0	3139.0	219687.0	67271.0	2116.0
p1k_00983	3803011.0	45716.0	235749.0	9104.0	533273.0	249819.0	4150.0
p1k_00984	2232043.0	390305.0	340362.0	17129.0	408210.0	135642.0	3128.0
p1k_00985	2603105.0	127908.0	148355.0	13205.0	439896.0	166802.0	3943.0
p1k_00986	2064004.0	82405.0	118556.0	9664.0	366095.0	130176.0	2907.0
p1k_00987	2559407.0	161081.0	157529.0	15187.0	502542.0	159821.0	3656.0
p1k_00988	7934635.0	280762.0	1336053.0	13362.0	1638136.0	504846.0	8768.0
p1k_00989	579918.0	118899.0	229688.0	11423.0	141961.0	33923.0	765.0
p1k_00990	1366951.0	60872.0	128751.0	3895.0	234963.0	81013.0	1856.0
p1k_00991	9440602.0	622219.0	1530935.0	30566.0	1543918.0	594171.0	10010.0
p1k_00992	2659568.0	297321.0	342454.0	16156.0	577250.0	165345.0	3881.0
p1k_00993	1537620.0	67963.0	300721.0	8113.0	390364.0	102394.0	2413.0
p1k_00994	1863986.0	95076.0	120760.0	9377.0	426465.0	114192.0	3552.0
p1k_00995	4215951.0	225419.0	229489.0	26050.0	849170.0	261592.0	7109.0
p1k_00996	866889.0	222036.0	230535.0	18089.0	200041.0	50296.0	1015.0
p1k_00997	9423133.0	372452.0	1649610.0	22359.0	1355468.0	637778.0	8545.0
p1k_00998	7382959.0	983822.0	1315600.0	16544.0	1029303.0	536567.0	6353.0
p1k_00999	1913923.0	81446.0	201195.0	8781.0	277546.0	115153.0	2335.0
p1k_01000	10315245.0	338738.0	1705466.0	19741.0	1544427.0	664152.0	10487.0
p1k_01001	3733659.0	108937.0	361681.0	45801.0	665351.0	217865.0	4528.0
p1k_01002	6279336.0	172989.0	530673.0	52580.0	1016021.0	379803.0	8308.0
p1k_01003	1851612.0	40731.0	114372.0	7038.0	263287.0	104180.0	3486.0
p1k_01004	1969685.0	193211.0	129034.0	11668.0	304306.0	115605.0	3658.0
p1k_01005	2203969.0	29048.0	142948.0	7763.0	399063.0	126001.0	3790.0
p1k_01006	1995392.0	52854.0	140599.0	9535.0	350353.0	132071.0	1772.0
p1k_01007	3027107.0	142256.0	175108.0	12718.0	670800.0	180609.0	4146.0
p1k_01008	7128474.0	217023.0	1211280.0	14741.0	1594836.0	442641.0	6875.0
p1k_01009	2629795.0	94404.0	278055.0	2692.0	435836.0	184366.0	3555.0
p1k_01010	2846739.0	145075.0	271107.0	4281.0	447451.0	192762.0	3545.0
p1k_01011	1949715.0	88574.0	119905.0	9925.0	323457.0	113590.0	4219.0
p1k_01012	1794734.0	42392.0	133545.0	6841.0	282586.0	112558.0	3438.0
p1k_01013	2447829.0	99446.0	251851.0	5242.0	510076.0	183499.0	3250.0
p1k_01014	1521962.0	58024.0	67519.0	4838.0	321501.0	115775.0	2204.0
p1k_01015	2036373.0	165746.0	210052.0	15356.0	279289.0	133828.0	3268.0
p1k_01016	1749872.0	22617.0	100426.0	9365.0	281339.0	107066.0	2485.0
p1k_01017	6735356.0	400168.0	370492.0	15875.0	1323325.0	401434.0	11194.0
p1k_01018	1723091.0	46397.0	193478.0	2688.0	267921.0	109575.0	2030.0
p1k_01019	1787683.0	85782.0	80936.0	4972.0	240493.0	117912.0	2921.0
p1k_01020	4364761.0	263454.0	450474.0	8734.0	842997.0	251551.0	6057.0
p1k_01021	1176466.0	192503.0	51497.0	3907.0	189449.0	73489.0	2173.0
p1k_01022	1609694.0	80292.0	75243.0	4298.0	270450.0	96550.0	2816.0
p1k_01023	2040977.0	121411.0	93700.0	6165.0	396086.0	121624.0	3716.0
p1k_01024	1343863.0	197439.0	71300.0	4523.0	382414.0	80647.0	2193.0
p1k_01025	2315316.0	222158.0	93074.0	7628.0	275879.0	135787.0	3371.0
p1k_01026	1299808.0	23946.0	1017660.0	4616.0	170426.0	70307.0	2772.0
p1k_01027	1991093.0	47539.0	132768.0	7142.0	408833.0	115694.0	3446.0
p1k_01028	1442205.0	88760.0	96400.0	7710.0	342008.0	81545.0	3028.0
p1k_01029	1954052.0	67460.0	121296.0	15858.0	268715.0	127498.0	1935.0
p1k_01030	2211198.0	277214.0	148479.0	19026.0	452549.0	116967.0	3910.0
p1k_01031	7799593.0	157581.0	1203264.0	16631.0	1116502.0	514209.0	8645.0
p1k_01032	3037407.0	62119.0	294627.0	19945.0	463561.0	197594.0	4051.0
p1k_01033	3301119.0	94685.0	355299.0	38037.0	551739.0	213854.0	3722.0
p1k_01034	3549112.0	53162.0	319185.0	5155.0	406560.0	213276.0	4475.0
p1k_01035	1127262.0	230375.0	62839.0	6671.0	171990.0	63012.0	1561.0
p1k_01036	2494076.0	79784.0	256616.0	4888.0	451767.0	146740.0	3300.0
p1k_01037	2914762.0	40733.0	288295.0	10861.0	603517.0	165824.0	3112.0
p1k_01038	2045693.0	57615.0	89444.0	6129.0	417934.0	126954.0	3638.0
p1k_01039	966049.0	22347.0	38869.0	2462.0	128886.0	59699.0	1447.0
p1k_01040	1328756.0	142493.0	57882.0	3654.0	157214.0	85110.0	1941.0
p1k_01041	1927673.0	54616.0	162725.0	9811.0	397496.0	109415.0	3767.0
p1k_01042	2080625.0	208826.0	208924.0	25960.0	492704.0	119282.0	3349.0
p1k_01043	2311597.0	143690.0	139459.0	16707.0	339745.0	144095.0	2481.0
p1k_01044	1610755.0	245481.0	374474.0	13653.0	239513.0	101621.0	1516.0
p1k_01045	2061586.0	32362.0	202654.0	2567.0	267479.0	124684.0	2715.0
p1k_01046	2307332.0	71236.0	227207.0	2686.0	311975.0	136802.0	3055.0
p1k_01047	3925234.0	435364.0	483112.0	10540.0	884747.0	220830.0	5104.0
p1k_01048	1449642.0	124772.0	126026.0	4008.0	305435.0	81183.0	2209.0
p1k_01049	1397841.0	75374.0	78766.0	6232.0	318518.0	78884.0	1994.0
p1k_01050	668830.0	40562.0	45768.0	1952.0	157882.0	38525.0	950.0
p1k_01051	683844.0	35717.0	46599.0	2057.0	150639.0	39384.0	978.0
p1k_01052	1145772.0	34016.0	639132.0	4266.0	147741.0	62024.0	2341.0
p1k_01053	1920470.0	65144.0	122266.0	11066.0	405904.0	106418.0	3222.0
p1k_01054	3742553.0	198947.0	201003.0	14731.0	612146.0	225433.0	5290.0
p1k_01055	2540182.0	57053.0	136203.0	14234.0	456928.0	140982.0	4943.0
