Sample	reads_processed	reads_aligned	reads_aligned_percentage	not_aligned	not_aligned_percentage
p1k_00001	6372886.0	6143220.0	96.4	229666.0	3.6
p1k_00002	4346353.0	4146788.0	95.41	199565.0	4.59
p1k_00003	11421794.0	11242449.0	98.43	179345.0	1.57
p1k_00004	10539531.0	10407753.0	98.75	131778.0	1.25
p1k_00005	10713890.0	10151378.0	94.75	562512.0	5.25
p1k_00006	8880301.0	8369595.0	94.25	510706.0	5.75
p1k_00007	11279512.0	11109219.0	98.49	170293.0	1.51
p1k_00008	11767212.0	11616919.0	98.72	150293.0	1.28
p1k_00009	10556680.0	9961504.0	94.36	595176.0	5.64
p1k_00010	10032103.0	9527398.0	94.97	504705.0	5.03
p1k_00011	10673671.0	10513945.0	98.5	159726.0	1.5
p1k_00012	10810317.0	10679636.0	98.79	130681.0	1.21
p1k_00013	7211277.0	4068838.0	56.42	3142439.0	43.58
p1k_00014	9709633.0	8144478.0	83.88	1565155.0	16.12
p1k_00015	10675400.0	10495578.0	98.32	179822.0	1.68
p1k_00016	8610540.0	8465953.0	98.32	144587.0	1.68
p1k_00017	10980944.0	10797170.0	98.33	183774.0	1.67
p1k_00018	9904977.0	9752144.0	98.46	152833.0	1.54
p1k_00019	7946523.0	7851138.0	98.8	95385.0	1.2
p1k_00020	8027816.0	7920570.0	98.66	107246.0	1.34
p1k_00021	7809038.0	7665326.0	98.16	143712.0	1.84
p1k_00022	8790564.0	8604969.0	97.89	185595.0	2.11
p1k_00023	6250510.0	6152650.0	98.43	97860.0	1.57
p1k_00024	7164233.0	7058014.0	98.52	106219.0	1.48
p1k_00025	8115030.0	7908199.0	97.45	206831.0	2.55
p1k_00026	5845829.0	5683622.0	97.23	162207.0	2.77
p1k_00027	8792332.0	8297239.0	94.37	495093.0	5.63
p1k_00028	8452621.0	8223902.0	97.29	228719.0	2.71
p1k_00029	6901687.0	6501970.0	94.21	399717.0	5.79
p1k_00030	9737032.0	9109362.0	93.55	627670.0	6.45
p1k_00031	4907936.0	4756820.0	96.92	151116.0	3.08
p1k_00032	7570460.0	7218138.0	95.35	352322.0	4.65
p1k_00033	10633453.0	10406911.0	97.87	226542.0	2.13
p1k_00034	10665690.0	10504759.0	98.49	160931.0	1.51
p1k_00035	10525205.0	10354430.0	98.38	170775.0	1.62
p1k_00036	10379093.0	10185754.0	98.14	193339.0	1.86
p1k_00037	4236426.0	4145039.0	97.84	91387.0	2.16
p1k_00038	3954277.0	3864106.0	97.72	90171.0	2.28
p1k_00039	4208756.0	4147750.0	98.55	61006.0	1.45
p1k_00040	4630952.0	4559490.0	98.46	71462.0	1.54
p1k_00041	8197795.0	8070349.0	98.45	127446.0	1.55
p1k_00042	5676095.0	5584363.0	98.38	91732.0	1.62
p1k_00043	7641274.0	7555476.0	98.88	85798.0	1.12
p1k_00044	9464911.0	9353708.0	98.83	111203.0	1.17
p1k_00045	6654064.0	6563610.0	98.64	90454.0	1.36
p1k_00046	6597143.0	6501146.0	98.54	95997.0	1.46
p1k_00047	5195242.0	5118733.0	98.53	76509.0	1.47
p1k_00048	6119800.0	6026695.0	98.48	93105.0	1.52
p1k_00049	7968852.0	7734170.0	97.06	234682.0	2.94
p1k_00050	8038655.0	7874847.0	97.96	163808.0	2.04
p1k_00051	9151866.0	9049458.0	98.88	102408.0	1.12
p1k_00052	9207222.0	8646980.0	93.92	560242.0	6.08
p1k_00053	10114106.0	8751349.0	86.53	1362757.0	13.47
p1k_00054	9372620.0	9240607.0	98.59	132013.0	1.41
p1k_00055	12087986.0	11406724.0	94.36	681262.0	5.64
p1k_00056	5523804.0	5467375.0	98.98	56429.0	1.02
p1k_00057	8483677.0	8405398.0	99.08	78279.0	0.92
p1k_00058	12027577.0	11905796.0	98.99	121781.0	1.01
p1k_00059	4717606.0	4674596.0	99.09	43010.0	0.91
p1k_00060	8369959.0	8270912.0	98.82	99047.0	1.18
p1k_00061	9422427.0	9323952.0	98.95	98475.0	1.05
p1k_00062	7947666.0	7858097.0	98.87	89569.0	1.13
p1k_00063	9289899.0	9198276.0	99.01	91623.0	0.99
p1k_00064	6997964.0	6895442.0	98.53	102522.0	1.47
p1k_00065	7542100.0	7464564.0	98.97	77536.0	1.03
p1k_00066	6342359.0	6260443.0	98.71	81916.0	1.29
p1k_00067	6755051.0	6669873.0	98.74	85178.0	1.26
p1k_00068	3277403.0	3132458.0	95.58	144945.0	4.42
p1k_00069	2457212.0	2405932.0	97.91	51280.0	2.09
p1k_00070	11306358.0	11090128.0	98.09	216230.0	1.91
p1k_00071	5960139.0	5844358.0	98.06	115781.0	1.94
p1k_00072	2691304.0	2641037.0	98.13	50267.0	1.87
p1k_00073	13924328.0	13295374.0	95.48	628954.0	4.52
p1k_00074	12116508.0	11277768.0	93.08	838740.0	6.92
p1k_00075	8053153.0	7820646.0	97.11	232507.0	2.89
p1k_00076	11559326.0	11201553.0	96.9	357773.0	3.1
p1k_00077	5313173.0	5162130.0	97.16	151043.0	2.84
p1k_00078	6819970.0	6518906.0	95.59	301064.0	4.41
p1k_00079	12216329.0	12033090.0	98.5	183239.0	1.5
p1k_00080	3050369.0	2967102.0	97.27	83267.0	2.73
p1k_00081	9965502.0	9804001.0	98.38	161501.0	1.62
p1k_00082	10060229.0	9801434.0	97.43	258795.0	2.57
p1k_00083	10435939.0	10142685.0	97.19	293254.0	2.81
p1k_00084	9370024.0	9235167.0	98.56	134857.0	1.44
p1k_00085	10027064.0	9874808.0	98.48	152256.0	1.52
p1k_00086	8503321.0	8424881.0	99.08	78440.0	0.92
p1k_00087	7891140.0	7808282.0	98.95	82858.0	1.05
p1k_00088	7425536.0	7350967.0	99.0	74569.0	1.0
p1k_00089	8173341.0	8098059.0	99.08	75282.0	0.92
p1k_00090	8853677.0	8778235.0	99.15	75442.0	0.85
p1k_00091	9652904.0	9553319.0	98.97	99585.0	1.03
p1k_00092	6704719.0	6625586.0	98.82	79133.0	1.18
p1k_00093	7730570.0	7633076.0	98.74	97494.0	1.26
p1k_00094	2495515.0	2458080.0	98.5	37435.0	1.5
p1k_00095	3914893.0	3857859.0	98.54	57034.0	1.46
p1k_00096	8143610.0	8043499.0	98.77	100111.0	1.23
p1k_00097	9648351.0	9509545.0	98.56	138806.0	1.44
p1k_00098	1966836.0	1941290.0	98.7	25546.0	1.3
p1k_00099	4001291.0	3948961.0	98.69	52330.0	1.31
p1k_00100	4748303.0	4384266.0	92.33	364037.0	7.67
p1k_00101	2097995.0	2052915.0	97.85	45080.0	2.15
p1k_00102	3816983.0	3734423.0	97.84	82560.0	2.16
p1k_00103	2643200.0	2607979.0	98.67	35221.0	1.33
p1k_00104	4055713.0	4001427.0	98.66	54286.0	1.34
p1k_00105	8226115.0	8141416.0	98.97	84699.0	1.03
p1k_00106	8269526.0	8188730.0	99.02	80796.0	0.98
p1k_00107	8266444.0	8173790.0	98.88	92654.0	1.12
p1k_00108	5143443.0	4881004.0	94.9	262439.0	5.1
p1k_00109	6613571.0	6296902.0	95.21	316669.0	4.79
p1k_00110	6093878.0	5826074.0	95.61	267804.0	4.39
p1k_00111	6447200.0	6183003.0	95.9	264197.0	4.1
p1k_00112	6587124.0	6302606.0	95.68	284518.0	4.32
p1k_00113	6214963.0	5978457.0	96.19	236506.0	3.81
p1k_00114	6694208.0	6439921.0	96.2	254287.0	3.8
p1k_00115	6425608.0	6214163.0	96.71	211445.0	3.29
p1k_00116	6353450.0	6188815.0	97.41	164635.0	2.59
p1k_00117	4952274.0	4835026.0	97.63	117248.0	2.37
p1k_00118	6151920.0	5986447.0	97.31	165473.0	2.69
p1k_00119	6809004.0	6640639.0	97.53	168365.0	2.47
p1k_00120	7765017.0	7581195.0	97.63	183822.0	2.37
p1k_00121	5679260.0	5542226.0	97.59	137034.0	2.41
p1k_00122	5062317.0	4942140.0	97.63	120177.0	2.37
p1k_00123	5170682.0	5061739.0	97.89	108943.0	2.11
p1k_00124	5564613.0	5440687.0	97.77	123926.0	2.23
p1k_00125	5211020.0	5173389.0	99.28	37631.0	0.72
p1k_00126	5317231.0	5279673.0	99.29	37558.0	0.71
p1k_00127	5457682.0	5421204.0	99.33	36478.0	0.67
p1k_00128	8318866.0	8204718.0	98.63	114148.0	1.37
p1k_00129	6916600.0	6744485.0	97.51	172115.0	2.49
p1k_00130	14051039.0	13899697.0	98.92	151342.0	1.08
p1k_00131	12291882.0	12156977.0	98.9	134905.0	1.1
p1k_00132	2015911.0	1986529.0	98.54	29382.0	1.46
p1k_00133	5307093.0	5266354.0	99.23	40739.0	0.77
p1k_00134	9322205.0	9161001.0	98.27	161204.0	1.73
p1k_00135	9407639.0	9191498.0	97.7	216141.0	2.3
p1k_00136	8479308.0	8276342.0	97.61	202966.0	2.39
p1k_00137	9114942.0	8920216.0	97.86	194726.0	2.14
p1k_00138	9981655.0	9836596.0	98.55	145059.0	1.45
p1k_00139	6905505.0	6740916.0	97.62	164589.0	2.38
p1k_00140	9833866.0	9588374.0	97.5	245492.0	2.5
p1k_00141	9186192.0	8985450.0	97.81	200742.0	2.19
p1k_00142	3614911.0	3564037.0	98.59	50874.0	1.41
p1k_00143	3542185.0	3472878.0	98.04	69307.0	1.96
p1k_00144	3950192.0	3886902.0	98.4	63290.0	1.6
p1k_00145	3828665.0	3767560.0	98.4	61105.0	1.6
p1k_00146	5684743.0	5384813.0	94.72	299930.0	5.28
p1k_00147	6052480.0	5745217.0	94.92	307263.0	5.08
p1k_00148	6433834.0	6102871.0	94.86	330963.0	5.14
p1k_00149	5018265.0	4733008.0	94.32	285257.0	5.68
p1k_00150	5859971.0	5553574.0	94.77	306397.0	5.23
p1k_00151	3906008.0	3850079.0	98.57	55929.0	1.43
p1k_00152	3787844.0	3739774.0	98.73	48070.0	1.27
p1k_00153	4295672.0	4229458.0	98.46	66214.0	1.54
p1k_00154	4351611.0	4287363.0	98.52	64248.0	1.48
p1k_00155	5699287.0	5396297.0	94.68	302990.0	5.32
p1k_00156	4593070.0	4524302.0	98.5	68768.0	1.5
p1k_00157	4209432.0	4156260.0	98.74	53172.0	1.26
p1k_00158	3632658.0	3567950.0	98.22	64708.0	1.78
p1k_00159	4085490.0	4031506.0	98.68	53984.0	1.32
p1k_00160	4161897.0	4102881.0	98.58	59016.0	1.42
p1k_00161	14059527.0	13577488.0	96.57	482039.0	3.43
p1k_00162	13335173.0	12912484.0	96.83	422689.0	3.17
p1k_00163	11008873.0	10625754.0	96.52	383119.0	3.48
p1k_00164	7723055.0	7383203.0	95.6	339852.0	4.4
p1k_00165	13311287.0	12885347.0	96.8	425940.0	3.2
p1k_00166	13703063.0	13155941.0	96.01	547122.0	3.99
p1k_00167	14041203.0	13464749.0	95.89	576454.0	4.11
p1k_00168	13844790.0	13398059.0	96.77	446731.0	3.23
p1k_00169	7918088.0	7674255.0	96.92	243833.0	3.08
p1k_00170	7663600.0	7517427.0	98.09	146173.0	1.91
p1k_00171	12872555.0	12333750.0	95.81	538805.0	4.19
p1k_00172	13591553.0	13067013.0	96.14	524540.0	3.86
p1k_00173	10310512.0	9939011.0	96.4	371501.0	3.6
p1k_00174	12350619.0	11901516.0	96.36	449103.0	3.64
p1k_00175	8407486.0	8017605.0	95.36	389881.0	4.64
p1k_00176	8370565.0	7967147.0	95.18	403418.0	4.82
p1k_00177	14745471.0	14253288.0	96.66	492183.0	3.34
p1k_00178	13794528.0	13341078.0	96.71	453450.0	3.29
p1k_00179	14769152.0	14223586.0	96.31	545566.0	3.69
p1k_00180	15217275.0	14676837.0	96.45	540438.0	3.55
p1k_00181	14308827.0	13770197.0	96.24	538630.0	3.76
p1k_00182	13566819.0	13060424.0	96.27	506395.0	3.73
p1k_00183	8159938.0	7751094.0	94.99	408844.0	5.01
p1k_00184	9343226.0	8891968.0	95.17	451258.0	4.83
p1k_00185	7998898.0	7581309.0	94.78	417589.0	5.22
p1k_00186	8592205.0	8209948.0	95.55	382257.0	4.45
p1k_00187	8927508.0	8529612.0	95.54	397896.0	4.46
p1k_00188	4611317.0	4332120.0	93.95	279197.0	6.05
p1k_00189	7326270.0	6848684.0	93.48	477586.0	6.52
p1k_00190	9053003.0	8522576.0	94.14	530427.0	5.86
p1k_00191	12869990.0	12387082.0	96.25	482908.0	3.75
p1k_00192	11583932.0	11295353.0	97.51	288579.0	2.49
p1k_00193	11665432.0	11130117.0	95.41	535315.0	4.59
p1k_00194	11768486.0	11269725.0	95.76	498761.0	4.24
p1k_00195	10044662.0	9641248.0	95.98	403414.0	4.02
p1k_00196	9380923.0	9043403.0	96.4	337520.0	3.6
p1k_00197	13499066.0	12845751.0	95.16	653315.0	4.84
p1k_00198	12718089.0	12153165.0	95.56	564924.0	4.44
p1k_00199	11459042.0	10857669.0	94.75	601373.0	5.25
p1k_00200	11795458.0	11264900.0	95.5	530558.0	4.5
p1k_00201	10285568.0	9817400.0	95.45	468168.0	4.55
p1k_00202	14650086.0	13951596.0	95.23	698490.0	4.77
p1k_00203	4478416.0	4275718.0	95.47	202698.0	4.53
p1k_00204	4314153.0	4099496.0	95.02	214657.0	4.98
p1k_00205	11745927.0	11186135.0	95.23	559792.0	4.77
p1k_00206	12807829.0	12248274.0	95.63	559555.0	4.37
p1k_00207	12032414.0	11539250.0	95.9	493164.0	4.1
p1k_00208	11212210.0	10738474.0	95.77	473736.0	4.23
p1k_00209	11627486.0	11264915.0	96.88	362571.0	3.12
p1k_00210	10291173.0	9852641.0	95.74	438532.0	4.26
p1k_00211	12946556.0	12263989.0	94.73	682567.0	5.27
p1k_00212	14058934.0	13361866.0	95.04	697068.0	4.96
p1k_00213	5363636.0	5129831.0	95.64	233805.0	4.36
p1k_00214	6699959.0	6430938.0	95.98	269021.0	4.02
p1k_00215	11561560.0	11055113.0	95.62	506447.0	4.38
p1k_00216	11847038.0	11359234.0	95.88	487804.0	4.12
p1k_00217	12196350.0	11673671.0	95.71	522679.0	4.29
p1k_00218	10062745.0	9625961.0	95.66	436784.0	4.34
p1k_00219	7291614.0	6546551.0	89.78	745063.0	10.22
p1k_00220	7043621.0	6299156.0	89.43	744465.0	10.57
p1k_00221	7161450.0	6219226.0	86.84	942224.0	13.16
p1k_00222	6825703.0	6115186.0	89.59	710517.0	10.41
p1k_00223	10729015.0	9570111.0	89.2	1158904.0	10.8
p1k_00224	9894612.0	8810166.0	89.04	1084446.0	10.96
p1k_00225	16920324.0	15102572.0	89.26	1817752.0	10.74
p1k_00226	9097216.0	8022624.0	88.19	1074592.0	11.81
p1k_00227	11422255.0	10339431.0	90.52	1082824.0	9.48
p1k_00228	10411831.0	9317760.0	89.49	1094071.0	10.51
p1k_00229	8965030.0	7503913.0	83.7	1461117.0	16.3
p1k_00230	9477468.0	8575124.0	90.48	902344.0	9.52
p1k_00231	11412225.0	10264289.0	89.94	1147936.0	10.06
p1k_00232	10130985.0	9109069.0	89.91	1021916.0	10.09
p1k_00233	3870662.0	3794477.0	98.03	76185.0	1.97
p1k_00234	4236135.0	4168107.0	98.39	68028.0	1.61
p1k_00235	3945761.0	3885437.0	98.47	60324.0	1.53
p1k_00236	3931895.0	3867014.0	98.35	64881.0	1.65
p1k_00237	3828443.0	3759696.0	98.2	68747.0	1.8
p1k_00238	3318302.0	3273185.0	98.64	45117.0	1.36
p1k_00239	3987961.0	3936235.0	98.7	51726.0	1.3
p1k_00240	3920188.0	3838970.0	97.93	81218.0	2.07
p1k_00241	4373131.0	4277072.0	97.8	96059.0	2.2
p1k_00242	3924171.0	3851310.0	98.14	72861.0	1.86
p1k_00243	4337132.0	4265481.0	98.35	71651.0	1.65
p1k_00244	4017576.0	3945282.0	98.2	72294.0	1.8
p1k_00245	3713991.0	3661065.0	98.57	52926.0	1.43
p1k_00246	3926344.0	3868036.0	98.51	58308.0	1.49
p1k_00247	3774797.0	3722147.0	98.61	52650.0	1.39
p1k_00248	4051844.0	3994512.0	98.59	57332.0	1.41
p1k_00249	4283486.0	4185575.0	97.71	97911.0	2.29
p1k_00250	4304088.0	4221202.0	98.07	82886.0	1.93
p1k_00251	4063187.0	3984803.0	98.07	78384.0	1.93
p1k_00252	3738425.0	3678457.0	98.4	59968.0	1.6
p1k_00253	3353903.0	3306682.0	98.59	47221.0	1.41
p1k_00254	4384753.0	4318767.0	98.5	65986.0	1.5
p1k_00255	11179459.0	10589244.0	94.72	590215.0	5.28
p1k_00256	10156369.0	9431169.0	92.86	725200.0	7.14
p1k_00257	11323843.0	10906409.0	96.31	417434.0	3.69
p1k_00258	11281471.0	10786425.0	95.61	495046.0	4.39
p1k_00259	6889902.0	6502535.0	94.38	387367.0	5.62
p1k_00260	8685781.0	8219298.0	94.63	466483.0	5.37
p1k_00261	7914983.0	7443083.0	94.04	471900.0	5.96
p1k_00262	8045404.0	7541248.0	93.73	504156.0	6.27
p1k_00263	7256324.0	6866650.0	94.63	389674.0	5.37
p1k_00264	7300249.0	6841366.0	93.71	458883.0	6.29
p1k_00265	7413850.0	6949890.0	93.74	463960.0	6.26
p1k_00266	8820171.0	8313914.0	94.26	506257.0	5.74
p1k_00267	10316516.0	9839829.0	95.38	476687.0	4.62
p1k_00268	10591198.0	10079136.0	95.17	512062.0	4.83
p1k_00269	11445444.0	11008926.0	96.19	436518.0	3.81
p1k_00270	10634291.0	10154875.0	95.49	479416.0	4.51
p1k_00271	8629795.0	7986010.0	92.54	643785.0	7.46
p1k_00272	9421504.0	8892527.0	94.39	528977.0	5.61
p1k_00273	9058324.0	8765016.0	96.76	293308.0	3.24
p1k_00274	7602434.0	7370825.0	96.95	231609.0	3.05
p1k_00275	8435602.0	8034639.0	95.25	400963.0	4.75
p1k_00276	10522551.0	10079436.0	95.79	443115.0	4.21
p1k_00277	7851432.0	7500317.0	95.53	351115.0	4.47
p1k_00278	8808199.0	8369616.0	95.02	438583.0	4.98
p1k_00279	6085952.0	5814754.0	95.54	271198.0	4.46
p1k_00280	8723810.0	8371237.0	95.96	352573.0	4.04
p1k_00281	11759799.0	11357799.0	96.58	402000.0	3.42
p1k_00282	16639463.0	16030799.0	96.34	608664.0	3.66
p1k_00283	10561908.0	9979335.0	94.48	582573.0	5.52
p1k_00284	10769241.0	10174330.0	94.48	594911.0	5.52
p1k_00285	20061908.0	18317094.0	91.3	1744814.0	8.7
p1k_00286	10609445.0	10135064.0	95.53	474381.0	4.47
p1k_00287	7859209.0	7513576.0	95.6	345633.0	4.4
p1k_00288	10229661.0	9779507.0	95.6	450154.0	4.4
p1k_00289	9090593.0	8678705.0	95.47	411888.0	4.53
p1k_00290	8822119.0	8361375.0	94.78	460744.0	5.22
p1k_00291	10090190.0	9670186.0	95.84	420004.0	4.16
p1k_00292	10220877.0	9704776.0	94.95	516101.0	5.05
p1k_00293	9361165.0	7517142.0	80.3	1844023.0	19.7
p1k_00294	6869528.0	5536881.0	80.6	1332647.0	19.4
p1k_00295	9096986.0	8532633.0	93.8	564353.0	6.2
p1k_00296	7142730.0	6842581.0	95.8	300149.0	4.2
p1k_00297	11594598.0	11025098.0	95.09	569500.0	4.91
p1k_00298	7123134.0	6814974.0	95.67	308160.0	4.33
p1k_00299	10465973.0	9603640.0	91.76	862333.0	8.24
p1k_00300	7606167.0	7243164.0	95.23	363003.0	4.77
p1k_00301	8240890.0	7898445.0	95.84	342445.0	4.16
p1k_00302	9504145.0	9125685.0	96.02	378460.0	3.98
p1k_00303	9745432.0	9321018.0	95.64	424414.0	4.36
p1k_00304	9627733.0	9255948.0	96.14	371785.0	3.86
p1k_00305	10943070.0	10429246.0	95.3	513824.0	4.7
p1k_00306	11671960.0	11106374.0	95.15	565586.0	4.85
p1k_00307	8803430.0	8190764.0	93.04	612666.0	6.96
p1k_00308	7824323.0	7348976.0	93.92	475347.0	6.08
p1k_00309	9522278.0	8882929.0	93.29	639349.0	6.71
p1k_00310	8910007.0	8356663.0	93.79	553344.0	6.21
p1k_00311	8588339.0	7959638.0	92.68	628701.0	7.32
p1k_00312	10455068.0	9961728.0	95.28	493340.0	4.72
p1k_00313	6949550.0	6571546.0	94.56	378004.0	5.44
p1k_00314	6725966.0	6254623.0	92.99	471343.0	7.01
p1k_00315	9868993.0	9136588.0	92.58	732405.0	7.42
p1k_00316	9295099.0	8540420.0	91.88	754679.0	8.12
p1k_00317	12746265.0	12482261.0	97.93	264004.0	2.07
p1k_00318	13555921.0	13262881.0	97.84	293040.0	2.16
p1k_00319	9400090.0	9198480.0	97.86	201610.0	2.14
p1k_00320	10765722.0	10546853.0	97.97	218869.0	2.03
p1k_00321	12796515.0	12483058.0	97.55	313457.0	2.45
p1k_00322	11893593.0	11621313.0	97.71	272280.0	2.29
p1k_00323	12065303.0	11800124.0	97.8	265179.0	2.2
p1k_00324	15739502.0	15397407.0	97.83	342095.0	2.17
p1k_00325	12540221.0	12255173.0	97.73	285048.0	2.27
p1k_00326	13944061.0	13653503.0	97.92	290558.0	2.08
p1k_00327	12675480.0	12385355.0	97.71	290125.0	2.29
p1k_00328	11377830.0	11125627.0	97.78	252203.0	2.22
p1k_00329	12035471.0	11776600.0	97.85	258871.0	2.15
p1k_00330	10637706.0	10428973.0	98.04	208733.0	1.96
p1k_00331	10303454.0	10064391.0	97.68	239063.0	2.32
p1k_00332	10260321.0	9996466.0	97.43	263855.0	2.57
p1k_00333	11863638.0	11603884.0	97.81	259754.0	2.19
p1k_00334	11304756.0	11037402.0	97.64	267354.0	2.36
p1k_00335	11335334.0	11063300.0	97.6	272034.0	2.4
p1k_00336	11738874.0	11454770.0	97.58	284104.0	2.42
p1k_00337	11675169.0	11396039.0	97.61	279130.0	2.39
p1k_00338	9622239.0	9397076.0	97.66	225163.0	2.34
p1k_00339	10447942.0	10203477.0	97.66	244465.0	2.34
p1k_00340	12381119.0	12113610.0	97.84	267509.0	2.16
p1k_00341	14156482.0	13844540.0	97.8	311942.0	2.2
p1k_00342	12694918.0	12478285.0	98.29	216633.0	1.71
p1k_00343	11360171.0	11146309.0	98.12	213862.0	1.88
p1k_00344	11514559.0	11298873.0	98.13	215686.0	1.87
p1k_00345	13647334.0	13285027.0	97.35	362307.0	2.65
p1k_00346	13454080.0	13208930.0	98.18	245150.0	1.82
p1k_00347	13503944.0	13314381.0	98.6	189563.0	1.4
p1k_00348	13830636.0	13628621.0	98.54	202015.0	1.46
p1k_00349	9348263.0	9168862.0	98.08	179401.0	1.92
p1k_00350	8806983.0	8599157.0	97.64	207826.0	2.36
p1k_00351	8207460.0	7963181.0	97.02	244279.0	2.98
p1k_00352	8423964.0	8271344.0	98.19	152620.0	1.81
p1k_00353	9272073.0	9152394.0	98.71	119679.0	1.29
p1k_00354	8489120.0	8313394.0	97.93	175726.0	2.07
p1k_00355	7291667.0	7158846.0	98.18	132821.0	1.82
p1k_00356	7826128.0	7680506.0	98.14	145622.0	1.86
p1k_00357	5828647.0	5740202.0	98.48	88445.0	1.52
p1k_00358	12414880.0	12238310.0	98.58	176570.0	1.42
p1k_00359	6393882.0	6303721.0	98.59	90161.0	1.41
p1k_00360	11458657.0	11258806.0	98.26	199851.0	1.74
p1k_00361	6409073.0	6328533.0	98.74	80540.0	1.26
p1k_00362	6545363.0	6430952.0	98.25	114411.0	1.75
p1k_00363	12429769.0	12218243.0	98.3	211526.0	1.7
p1k_00364	7238904.0	7111020.0	98.23	127884.0	1.77
p1k_00365	8478984.0	8320520.0	98.13	158464.0	1.87
p1k_00366	7876928.0	7756043.0	98.47	120885.0	1.53
p1k_00367	10298251.0	10103848.0	98.11	194403.0	1.89
p1k_00368	10432411.0	10253931.0	98.29	178480.0	1.71
p1k_00369	7572122.0	7467846.0	98.62	104276.0	1.38
p1k_00370	9501851.0	9368015.0	98.59	133836.0	1.41
p1k_00371	9446942.0	9270233.0	98.13	176709.0	1.87
p1k_00372	9341381.0	9186333.0	98.34	155048.0	1.66
p1k_00373	9014214.0	8888811.0	98.61	125403.0	1.39
p1k_00374	7403760.0	7290447.0	98.47	113313.0	1.53
p1k_00375	10072158.0	9930816.0	98.6	141342.0	1.4
p1k_00376	8694173.0	8585873.0	98.75	108300.0	1.25
p1k_00377	11407140.0	11266287.0	98.77	140853.0	1.23
p1k_00378	4927449.0	4855634.0	98.54	71815.0	1.46
p1k_00379	9276186.0	9169175.0	98.85	107011.0	1.15
p1k_00380	9653980.0	9517695.0	98.59	136285.0	1.41
p1k_00381	8941709.0	8771507.0	98.1	170202.0	1.9
p1k_00382	7844861.0	7728735.0	98.52	116126.0	1.48
p1k_00383	8737472.0	8572385.0	98.11	165087.0	1.89
p1k_00384	8796650.0	8624963.0	98.05	171687.0	1.95
p1k_00385	8605013.0	8451108.0	98.21	153905.0	1.79
p1k_00386	9020114.0	8888132.0	98.54	131982.0	1.46
p1k_00387	9075483.0	8608510.0	94.85	466973.0	5.15
p1k_00388	7543166.0	7166647.0	95.01	376519.0	4.99
p1k_00389	7052883.0	5608307.0	79.52	1444576.0	20.48
p1k_00390	8945172.0	7087443.0	79.23	1857729.0	20.77
p1k_00391	6786361.0	6446495.0	94.99	339866.0	5.01
p1k_00392	8789463.0	8282370.0	94.23	507093.0	5.77
p1k_00393	7350398.0	6978345.0	94.94	372053.0	5.06
p1k_00394	8019436.0	7570795.0	94.41	448641.0	5.59
p1k_00395	6901271.0	5451786.0	79.0	1449485.0	21.0
p1k_00396	6878791.0	5623021.0	81.74	1255770.0	18.26
p1k_00397	4837452.0	4661664.0	96.37	175788.0	3.63
p1k_00398	8507002.0	8105560.0	95.28	401442.0	4.72
p1k_00399	8212933.0	7858872.0	95.69	354061.0	4.31
p1k_00400	9455438.0	8960252.0	94.76	495186.0	5.24
p1k_00401	6992973.0	5669652.0	81.08	1323321.0	18.92
p1k_00402	8146190.0	6522525.0	80.07	1623665.0	19.93
p1k_00403	8913291.0	8481128.0	95.15	432163.0	4.85
p1k_00404	9682568.0	9216615.0	95.19	465953.0	4.81
p1k_00405	8425962.0	8013531.0	95.11	412431.0	4.89
p1k_00406	9675672.0	9216405.0	95.25	459267.0	4.75
p1k_00407	9260580.0	8858771.0	95.66	401809.0	4.34
p1k_00408	8193723.0	6554736.0	80.0	1638987.0	20.0
p1k_00409	8969224.0	8206959.0	91.5	762265.0	8.5
p1k_00410	8704389.0	8280870.0	95.13	423519.0	4.87
p1k_00411	8124676.0	7705966.0	94.85	418710.0	5.15
p1k_00412	9251937.0	8827288.0	95.41	424649.0	4.59
p1k_00413	8793227.0	8432928.0	95.9	360299.0	4.1
p1k_00414	11252087.0	10856336.0	96.48	395751.0	3.52
p1k_00415	13028505.0	11936885.0	91.62	1091620.0	8.38
p1k_00416	13634910.0	12741755.0	93.45	893155.0	6.55
p1k_00417	7316712.0	7005392.0	95.75	311320.0	4.25
p1k_00418	8352546.0	7958568.0	95.28	393978.0	4.72
p1k_00419	8850027.0	8367357.0	94.55	482670.0	5.45
p1k_00420	11038230.0	10473149.0	94.88	565081.0	5.12
p1k_00421	13585276.0	12959147.0	95.39	626129.0	4.61
p1k_00422	9544366.0	9149035.0	95.86	395331.0	4.14
p1k_00423	10165643.0	9748313.0	95.89	417330.0	4.11
p1k_00424	11757999.0	11395842.0	96.92	362157.0	3.08
p1k_00425	7580746.0	7215669.0	95.18	365077.0	4.82
p1k_00426	8706421.0	8220428.0	94.42	485993.0	5.58
p1k_00427	12403800.0	11577117.0	93.34	826683.0	6.66
p1k_00428	8396540.0	7954752.0	94.74	441788.0	5.26
p1k_00429	9363430.0	8895779.0	95.01	467651.0	4.99
p1k_00430	8795948.0	8439003.0	95.94	356945.0	4.06
p1k_00431	10438996.0	10004765.0	95.84	434231.0	4.16
p1k_00432	12442947.0	11868854.0	95.39	574093.0	4.61
p1k_00433	3228935.0	2956832.0	91.57	272103.0	8.43
p1k_00434	2999419.0	2773849.0	92.48	225570.0	7.52
p1k_00435	9437170.0	9094592.0	96.37	342578.0	3.63
p1k_00436	10324862.0	9822209.0	95.13	502653.0	4.87
p1k_00437	10867607.0	10535389.0	96.94	332218.0	3.06
p1k_00438	11237592.0	10926023.0	97.23	311569.0	2.77
p1k_00439	5886194.0	5305125.0	90.13	581069.0	9.87
p1k_00440	7744456.0	7019090.0	90.63	725366.0	9.37
p1k_00441	13890833.0	13523610.0	97.36	367223.0	2.64
p1k_00442	13143074.0	12797086.0	97.37	345988.0	2.63
p1k_00443	10848465.0	10559101.0	97.33	289364.0	2.67
p1k_00444	11619660.0	11301993.0	97.27	317667.0	2.73
p1k_00445	13337357.0	13064275.0	97.95	273082.0	2.05
p1k_00446	13509964.0	13202861.0	97.73	307103.0	2.27
p1k_00447	14566187.0	14169414.0	97.28	396773.0	2.72
p1k_00448	14544695.0	14256022.0	98.02	288673.0	1.98
p1k_00449	13563610.0	13348188.0	98.41	215422.0	1.59
p1k_00450	12598616.0	12332978.0	97.89	265638.0	2.11
p1k_00451	13698690.0	13453125.0	98.21	245565.0	1.79
p1k_00452	12358356.0	12154222.0	98.35	204134.0	1.65
p1k_00453	14569648.0	14331700.0	98.37	237948.0	1.63
p1k_00454	13556549.0	13271273.0	97.9	285276.0	2.1
p1k_00455	7623231.0	7513066.0	98.55	110165.0	1.45
p1k_00456	7614677.0	7514014.0	98.68	100663.0	1.32
p1k_00457	7516739.0	7410045.0	98.58	106694.0	1.42
p1k_00458	7115320.0	7016782.0	98.62	98538.0	1.38
p1k_00459	11583028.0	11400103.0	98.42	182925.0	1.58
p1k_00460	13307088.0	13109137.0	98.51	197951.0	1.49
p1k_00461	11469357.0	11237061.0	97.97	232296.0	2.03
p1k_00462	10580509.0	10365466.0	97.97	215043.0	2.03
p1k_00463	13353448.0	13146386.0	98.45	207062.0	1.55
p1k_00464	13328276.0	13117835.0	98.42	210441.0	1.58
p1k_00465	7703079.0	7585339.0	98.47	117740.0	1.53
p1k_00466	7690433.0	7583414.0	98.61	107019.0	1.39
p1k_00467	8244044.0	8120860.0	98.51	123184.0	1.49
p1k_00468	7528129.0	7412959.0	98.47	115170.0	1.53
p1k_00469	9785663.0	9626409.0	98.37	159254.0	1.63
p1k_00470	11090456.0	10940775.0	98.65	149681.0	1.35
p1k_00471	14169157.0	13962293.0	98.54	206864.0	1.46
p1k_00472	11947659.0	11757137.0	98.41	190522.0	1.59
p1k_00473	10444460.0	10277480.0	98.4	166980.0	1.6
p1k_00474	9429332.0	9295765.0	98.58	133567.0	1.42
p1k_00475	9510226.0	9359069.0	98.41	151157.0	1.59
p1k_00476	10844553.0	10685389.0	98.53	159164.0	1.47
p1k_00477	12287307.0	11995413.0	97.62	291894.0	2.38
p1k_00478	14727358.0	14398283.0	97.77	329075.0	2.23
p1k_00479	15169370.0	14814808.0	97.66	354562.0	2.34
p1k_00480	13119157.0	12839979.0	97.87	279178.0	2.13
p1k_00481	7480186.0	7399508.0	98.92	80678.0	1.08
p1k_00482	7090734.0	6986084.0	98.52	104650.0	1.48
p1k_00483	6685041.0	6594497.0	98.65	90544.0	1.35
p1k_00484	7339928.0	7246946.0	98.73	92982.0	1.27
p1k_00485	14573386.0	14130208.0	96.96	443178.0	3.04
p1k_00486	14670842.0	14431131.0	98.37	239711.0	1.63
p1k_00487	14953024.0	14651963.0	97.99	301061.0	2.01
p1k_00488	15725919.0	15454064.0	98.27	271855.0	1.73
p1k_00489	11324370.0	11126483.0	98.25	197887.0	1.75
p1k_00490	10069438.0	9910408.0	98.42	159030.0	1.58
p1k_00491	12001017.0	11829918.0	98.57	171099.0	1.43
p1k_00492	9898564.0	9766576.0	98.67	131988.0	1.33
p1k_00493	11436004.0	11260505.0	98.47	175499.0	1.53
p1k_00494	11495831.0	11289912.0	98.21	205919.0	1.79
p1k_00495	8314883.0	8208884.0	98.73	105999.0	1.27
p1k_00496	7353093.0	7260265.0	98.74	92828.0	1.26
p1k_00497	8401811.0	8304916.0	98.85	96895.0	1.15
p1k_00498	8720667.0	8613065.0	98.77	107602.0	1.23
p1k_00499	6605665.0	6493490.0	98.3	112175.0	1.7
p1k_00500	5303592.0	5202436.0	98.09	101156.0	1.91
p1k_00501	12984493.0	12787557.0	98.48	196936.0	1.52
p1k_00502	12675262.0	12415815.0	97.95	259447.0	2.05
p1k_00503	12470168.0	12233808.0	98.1	236360.0	1.9
p1k_00504	11931101.0	11675522.0	97.86	255579.0	2.14
p1k_00505	14788410.0	14452451.0	97.73	335959.0	2.27
p1k_00506	15409313.0	15062453.0	97.75	346860.0	2.25
p1k_00507	10690330.0	10534022.0	98.54	156308.0	1.46
p1k_00508	10880012.0	10715218.0	98.49	164794.0	1.51
p1k_00509	14421088.0	14187882.0	98.38	233206.0	1.62
p1k_00510	13703333.0	13450443.0	98.15	252890.0	1.85
p1k_00511	5672279.0	5346226.0	94.25	326053.0	5.75
p1k_00512	6250082.0	5931693.0	94.91	318389.0	5.09
p1k_00513	4663478.0	4453314.0	95.49	210164.0	4.51
p1k_00514	4625642.0	4377840.0	94.64	247802.0	5.36
p1k_00515	6942437.0	6527756.0	94.03	414681.0	5.97
p1k_00516	11229760.0	10574426.0	94.16	655334.0	5.84
p1k_00517	8658122.0	8197837.0	94.68	460285.0	5.32
p1k_00518	7315571.0	7081729.0	96.8	233842.0	3.2
p1k_00519	7371565.0	7133796.0	96.77	237769.0	3.23
p1k_00520	8153576.0	7880875.0	96.66	272701.0	3.34
p1k_00521	7769443.0	7529672.0	96.91	239771.0	3.09
p1k_00522	8380758.0	8180501.0	97.61	200257.0	2.39
p1k_00523	9597278.0	9359128.0	97.52	238150.0	2.48
p1k_00524	7029363.0	6834798.0	97.23	194565.0	2.77
p1k_00525	7203023.0	7023761.0	97.51	179262.0	2.49
p1k_00526	11266448.0	10951963.0	97.21	314485.0	2.79
p1k_00527	12315842.0	11977166.0	97.25	338676.0	2.75
p1k_00528	9062586.0	8844085.0	97.59	218501.0	2.41
p1k_00529	9679652.0	9476736.0	97.9	202916.0	2.1
p1k_00530	8034620.0	7830014.0	97.45	204606.0	2.55
p1k_00531	9907303.0	9629895.0	97.2	277408.0	2.8
p1k_00532	7582579.0	7428564.0	97.97	154015.0	2.03
p1k_00533	7581174.0	7424989.0	97.94	156185.0	2.06
p1k_00534	7765889.0	7577726.0	97.58	188163.0	2.42
p1k_00535	7670862.0	7519602.0	98.03	151260.0	1.97
p1k_00536	8622168.0	8409864.0	97.54	212304.0	2.46
p1k_00537	7940246.0	7781547.0	98.0	158699.0	2.0
p1k_00538	8850739.0	8589579.0	97.05	261160.0	2.95
p1k_00539	13821857.0	13570753.0	98.18	251104.0	1.82
p1k_00540	9001761.0	8832541.0	98.12	169220.0	1.88
p1k_00541	10993952.0	10770101.0	97.96	223851.0	2.04
p1k_00542	10502478.0	10308143.0	98.15	194335.0	1.85
p1k_00543	13628964.0	13365119.0	98.06	263845.0	1.94
p1k_00544	14443530.0	14143992.0	97.93	299538.0	2.07
p1k_00545	12610489.0	12350629.0	97.94	259860.0	2.06
p1k_00546	10350814.0	10117134.0	97.74	233680.0	2.26
p1k_00547	7998010.0	7820346.0	97.78	177664.0	2.22
p1k_00548	10551023.0	10319414.0	97.8	231609.0	2.2
p1k_00549	8561027.0	8393150.0	98.04	167877.0	1.96
p1k_00550	13689863.0	13460098.0	98.32	229765.0	1.68
p1k_00551	3935757.0	3843036.0	97.64	92721.0	2.36
p1k_00552	6832142.0	6665057.0	97.55	167085.0	2.45
p1k_00553	7337149.0	7119952.0	97.04	217197.0	2.96
p1k_00554	4770304.0	4647211.0	97.42	123093.0	2.58
p1k_00555	7659933.0	7452081.0	97.29	207852.0	2.71
p1k_00556	13384782.0	13098363.0	97.86	286419.0	2.14
p1k_00557	6452904.0	6318577.0	97.92	134327.0	2.08
p1k_00558	9022597.0	8646964.0	95.84	375633.0	4.16
p1k_00559	9625960.0	9128326.0	94.83	497634.0	5.17
p1k_00560	5444963.0	5315252.0	97.62	129711.0	2.38
p1k_00561	11885774.0	11620407.0	97.77	265367.0	2.23
p1k_00562	8939032.0	7539470.0	84.34	1399562.0	15.66
p1k_00563	10675851.0	9053495.0	84.8	1622356.0	15.2
p1k_00564	10159574.0	8592006.0	84.57	1567568.0	15.43
p1k_00565	12515560.0	10534011.0	84.17	1981549.0	15.83
p1k_00566	9804903.0	9612838.0	98.04	192065.0	1.96
p1k_00567	4016473.0	3937357.0	98.03	79116.0	1.97
p1k_00568	8321065.0	8145890.0	97.89	175175.0	2.11
p1k_00569	9259471.0	9101595.0	98.29	157876.0	1.71
p1k_00570	8642739.0	8460152.0	97.89	182587.0	2.11
p1k_00571	12497704.0	12174113.0	97.41	323591.0	2.59
p1k_00572	6301446.0	6138158.0	97.41	163288.0	2.59
p1k_00573	4233557.0	4144365.0	97.89	89192.0	2.11
p1k_00574	9133617.0	8966512.0	98.17	167105.0	1.83
p1k_00575	7304454.0	7169792.0	98.16	134662.0	1.84
p1k_00576	8272980.0	7815187.0	94.47	457793.0	5.53
p1k_00577	8460768.0	7984319.0	94.37	476449.0	5.63
p1k_00578	10791581.0	10512265.0	97.41	279316.0	2.59
p1k_00579	9017591.0	8774499.0	97.3	243092.0	2.7
p1k_00580	11230023.0	9450830.0	84.16	1779193.0	15.84
p1k_00581	12690898.0	12150217.0	95.74	540681.0	4.26
p1k_00582	12686074.0	12045266.0	94.95	640808.0	5.05
p1k_00583	9701064.0	9216511.0	95.01	484553.0	4.99
p1k_00584	6415971.0	6261090.0	97.59	154881.0	2.41
p1k_00585	9353028.0	9139843.0	97.72	213185.0	2.28
p1k_00586	4850868.0	4734829.0	97.61	116039.0	2.39
p1k_00587	10070158.0	9790483.0	97.22	279675.0	2.78
p1k_00588	5531608.0	5427404.0	98.12	104204.0	1.88
p1k_00589	9159133.0	8979674.0	98.04	179459.0	1.96
p1k_00590	6488458.0	6355258.0	97.95	133200.0	2.05
p1k_00591	6006587.0	5897537.0	98.18	109050.0	1.82
p1k_00592	11664784.0	11429857.0	97.99	234927.0	2.01
p1k_00593	10586338.0	10281494.0	97.12	304844.0	2.88
p1k_00594	8654312.0	8512613.0	98.36	141699.0	1.64
p1k_00595	5669535.0	5574062.0	98.32	95473.0	1.68
p1k_00596	10404308.0	10160822.0	97.66	243486.0	2.34
p1k_00597	9381186.0	9182476.0	97.88	198710.0	2.12
p1k_00598	12122456.0	11914149.0	98.28	208307.0	1.72
p1k_00599	10237444.0	10046743.0	98.14	190701.0	1.86
p1k_00600	9379654.0	9176656.0	97.84	202998.0	2.16
p1k_00601	9880146.0	9628566.0	97.45	251580.0	2.55
p1k_00602	9114140.0	8920994.0	97.88	193146.0	2.12
p1k_00603	9927370.0	9779150.0	98.51	148220.0	1.49
p1k_00604	9621651.0	9437836.0	98.09	183815.0	1.91
p1k_00605	9927666.0	9752126.0	98.23	175540.0	1.77
p1k_00606	13823961.0	13580959.0	98.24	243002.0	1.76
p1k_00607	12442409.0	12177400.0	97.87	265009.0	2.13
p1k_00608	11062593.0	10857553.0	98.15	205040.0	1.85
p1k_00609	12158534.0	11944942.0	98.24	213592.0	1.76
p1k_00610	12589409.0	12353044.0	98.12	236365.0	1.88
p1k_00611	11831472.0	11604626.0	98.08	226846.0	1.92
p1k_00612	10540022.0	9952662.0	94.43	587360.0	5.57
p1k_00613	13165734.0	12464995.0	94.68	700739.0	5.32
p1k_00614	11612381.0	10988490.0	94.63	623891.0	5.37
p1k_00615	10914754.0	10364493.0	94.96	550261.0	5.04
p1k_00616	14788370.0	10398886.0	70.32	4389484.0	29.68
p1k_00617	14608395.0	10292347.0	70.46	4316048.0	29.54
p1k_00618	18121748.0	15355071.0	84.73	2766677.0	15.27
p1k_00619	16593911.0	14027385.0	84.53	2566526.0	15.47
p1k_00620	14574850.0	10228701.0	70.18	4346149.0	29.82
p1k_00621	14563768.0	10236720.0	70.29	4327048.0	29.71
p1k_00622	13293128.0	9654547.0	72.63	3638581.0	27.37
p1k_00623	12918015.0	9215888.0	71.34	3702127.0	28.66
p1k_00624	17555139.0	14372777.0	81.87	3182362.0	18.13
p1k_00625	13561448.0	11320050.0	83.47	2241398.0	16.53
p1k_00626	14694775.0	13226493.0	90.01	1468282.0	9.99
p1k_00627	17282552.0	15650124.0	90.55	1632428.0	9.45
p1k_00628	15900557.0	13822188.0	86.93	2078369.0	13.07
p1k_00629	12195681.0	10585850.0	86.8	1609831.0	13.2
p1k_00630	18211378.0	17338581.0	95.21	872797.0	4.79
p1k_00631	16231302.0	15662549.0	96.5	568753.0	3.5
p1k_00632	14721365.0	11106059.0	75.44	3615306.0	24.56
p1k_00633	12620626.0	9430836.0	74.73	3189790.0	25.27
p1k_00634	15075602.0	13110427.0	86.96	1965175.0	13.04
p1k_00635	13907921.0	12172631.0	87.52	1735290.0	12.48
p1k_00636	12586802.0	9917182.0	78.79	2669620.0	21.21
p1k_00637	12427215.0	9957081.0	80.12	2470134.0	19.88
p1k_00638	16736812.0	14209053.0	84.9	2527759.0	15.1
p1k_00639	15062951.0	12927223.0	85.82	2135728.0	14.18
p1k_00640	13559310.0	9555913.0	70.47	4003397.0	29.53
p1k_00641	13676244.0	9737083.0	71.2	3939161.0	28.8
p1k_00642	15938956.0	12573824.0	78.89	3365132.0	21.11
p1k_00643	16587721.0	13083297.0	78.87	3504424.0	21.13
p1k_00644	15606290.0	12725290.0	81.54	2881000.0	18.46
p1k_00645	14243732.0	10748854.0	75.46	3494878.0	24.54
p1k_00646	17017171.0	16164591.0	94.99	852580.0	5.01
p1k_00647	16053976.0	15380112.0	95.8	673864.0	4.2
p1k_00648	16254413.0	13817122.0	85.01	2437291.0	14.99
p1k_00649	15857465.0	13527490.0	85.31	2329975.0	14.69
p1k_00650	14394204.0	11653296.0	80.96	2740908.0	19.04
p1k_00651	16372402.0	13116634.0	80.11	3255768.0	19.89
p1k_00652	12789377.0	9511345.0	74.37	3278032.0	25.63
p1k_00653	13537471.0	9972753.0	73.67	3564718.0	26.33
p1k_00654	13599870.0	11995789.0	88.21	1604081.0	11.79
p1k_00655	13115386.0	11674775.0	89.02	1440611.0	10.98
p1k_00656	15851476.0	12574921.0	79.33	3276555.0	20.67
p1k_00657	16737609.0	13246391.0	79.14	3491218.0	20.86
p1k_00658	16612966.0	14380724.0	86.56	2232242.0	13.44
p1k_00659	16566926.0	14195884.0	85.69	2371042.0	14.31
p1k_00660	13168324.0	11398217.0	86.56	1770107.0	13.44
p1k_00661	12335394.0	10547967.0	85.51	1787427.0	14.49
p1k_00662	12892989.0	11627249.0	90.18	1265740.0	9.82
p1k_00663	13078610.0	11894777.0	90.95	1183833.0	9.05
p1k_00664	15219062.0	13886798.0	91.25	1332264.0	8.75
p1k_00665	15425743.0	14091162.0	91.35	1334581.0	8.65
p1k_00666	16112628.0	13355359.0	82.89	2757269.0	17.11
p1k_00667	13710901.0	12070609.0	88.04	1640292.0	11.96
p1k_00668	16530032.0	12404098.0	75.04	4125934.0	24.96
p1k_00669	15795818.0	11739503.0	74.32	4056315.0	25.68
p1k_00670	15281173.0	12722325.0	83.25	2558848.0	16.75
p1k_00671	14362997.0	11989876.0	83.48	2373121.0	16.52
p1k_00672	12747554.0	10879466.0	85.35	1868088.0	14.65
p1k_00673	14975853.0	12983984.0	86.7	1991869.0	13.3
p1k_00674	13886031.0	9128173.0	65.74	4757858.0	34.26
p1k_00675	11329259.0	7631351.0	67.36	3697908.0	32.64
p1k_00676	16627972.0	14411737.0	86.67	2216235.0	13.33
p1k_00677	14375603.0	12505054.0	86.99	1870549.0	13.01
p1k_00678	13432636.0	10263754.0	76.41	3168882.0	23.59
p1k_00679	13460741.0	10071241.0	74.82	3389500.0	25.18
p1k_00680	15769041.0	12452086.0	78.97	3316955.0	21.03
p1k_00681	17585855.0	14113195.0	80.25	3472660.0	19.75
p1k_00682	15796105.0	12271716.0	77.69	3524389.0	22.31
p1k_00683	15382962.0	11896510.0	77.34	3486452.0	22.66
p1k_00684	16103402.0	15466744.0	96.05	636658.0	3.95
p1k_00685	14670835.0	14092300.0	96.06	578535.0	3.94
p1k_00686	15921741.0	15245574.0	95.75	676167.0	4.25
p1k_00687	16348252.0	15656151.0	95.77	692101.0	4.23
p1k_00688	16627429.0	15964900.0	96.02	662529.0	3.98
p1k_00689	13701130.0	13109928.0	95.69	591202.0	4.31
p1k_00690	14503980.0	13824234.0	95.31	679746.0	4.69
p1k_00691	14313289.0	13618783.0	95.15	694506.0	4.85
p1k_00692	14530169.0	12050608.0	82.94	2479561.0	17.06
p1k_00693	13403823.0	11101373.0	82.82	2302450.0	17.18
p1k_00694	15866151.0	11803231.0	74.39	4062920.0	25.61
p1k_00695	17817903.0	13150587.0	73.81	4667316.0	26.19
p1k_00696	17150046.0	10612156.0	61.88	6537890.0	38.12
p1k_00697	16699910.0	9828893.0	58.86	6871017.0	41.14
p1k_00698	15495485.0	10941467.0	70.61	4554018.0	29.39
p1k_00699	16481999.0	11510633.0	69.84	4971366.0	30.16
p1k_00700	16084468.0	13159733.0	81.82	2924735.0	18.18
p1k_00701	15144343.0	12363458.0	81.64	2780885.0	18.36
p1k_00702	16539126.0	14243608.0	86.12	2295518.0	13.88
p1k_00703	11125611.0	9425519.0	84.72	1700092.0	15.28
p1k_00704	14078829.0	12100348.0	85.95	1978481.0	14.05
p1k_00705	15332947.0	13222359.0	86.23	2110588.0	13.77
p1k_00706	13660446.0	10732159.0	78.56	2928287.0	21.44
p1k_00707	14107755.0	10926717.0	77.45	3181038.0	22.55
p1k_00708	15525457.0	15074282.0	97.09	451175.0	2.91
p1k_00709	15980634.0	15527951.0	97.17	452683.0	2.83
p1k_00710	8836714.0	8510959.0	96.31	325755.0	3.69
p1k_00711	7755905.0	7690754.0	99.16	65151.0	0.84
p1k_00712	6941752.0	6915380.0	99.62	26372.0	0.38
p1k_00713	5352874.0	5332346.0	99.62	20528.0	0.38
p1k_00714	7322226.0	7293311.0	99.61	28915.0	0.39
p1k_00715	6619552.0	6593317.0	99.6	26235.0	0.4
p1k_00716	9615447.0	9525512.0	99.06	89935.0	0.94
p1k_00717	9414616.0	8951690.0	95.08	462926.0	4.92
p1k_00718	8201807.0	7766446.0	94.69	435361.0	5.31
p1k_00719	8327226.0	8252651.0	99.1	74575.0	0.9
p1k_00720	9009414.0	8149485.0	90.46	859929.0	9.54
p1k_00721	7268674.0	7198740.0	99.04	69934.0	0.96
p1k_00722	8709752.0	8469901.0	97.25	239851.0	2.75
p1k_00723	7611659.0	7550492.0	99.2	61167.0	0.8
p1k_00724	8572388.0	8165896.0	95.26	406492.0	4.74
p1k_00725	7792552.0	7729928.0	99.2	62624.0	0.8
p1k_00726	8155270.0	8084411.0	99.13	70859.0	0.87
p1k_00727	8234092.0	8036031.0	97.59	198061.0	2.41
p1k_00728	8437689.0	8373861.0	99.24	63828.0	0.76
p1k_00729	14764032.0	14173244.0	96.0	590788.0	4.0
p1k_00730	8077185.0	8011734.0	99.19	65451.0	0.81
p1k_00731	8548049.0	8263591.0	96.67	284458.0	3.33
p1k_00732	8365975.0	8300301.0	99.21	65674.0	0.79
p1k_00733	9095190.0	8788725.0	96.63	306465.0	3.37
p1k_00734	7481647.0	7421445.0	99.2	60202.0	0.8
p1k_00735	6643586.0	6610627.0	99.5	32959.0	0.5
p1k_00736	8272126.0	8230681.0	99.5	41445.0	0.5
p1k_00737	6166490.0	6131909.0	99.44	34581.0	0.56
p1k_00738	7052451.0	7012743.0	99.44	39708.0	0.56
p1k_00739	5696223.0	5662835.0	99.41	33388.0	0.59
p1k_00740	4990257.0	4962262.0	99.44	27995.0	0.56
p1k_00741	6409202.0	6373357.0	99.44	35845.0	0.56
p1k_00742	6605059.0	6568336.0	99.44	36723.0	0.56
p1k_00743	7493788.0	7427836.0	99.12	65952.0	0.88
p1k_00744	6781492.0	6750115.0	99.54	31377.0	0.46
p1k_00745	5800284.0	5775892.0	99.58	24392.0	0.42
p1k_00746	6498683.0	6470991.0	99.57	27692.0	0.43
p1k_00747	7582944.0	7550776.0	99.58	32168.0	0.42
p1k_00748	7500912.0	7469580.0	99.58	31332.0	0.42
p1k_00749	7248292.0	7222087.0	99.64	26205.0	0.36
p1k_00750	7524687.0	7493050.0	99.58	31637.0	0.42
p1k_00751	6938692.0	6905622.0	99.52	33070.0	0.48
p1k_00752	6419695.0	6389507.0	99.53	30188.0	0.47
p1k_00753	7789752.0	7753418.0	99.53	36334.0	0.47
p1k_00754	6689378.0	6656908.0	99.51	32470.0	0.49
p1k_00755	6966748.0	6935488.0	99.55	31260.0	0.45
p1k_00756	7244839.0	7213776.0	99.57	31063.0	0.43
p1k_00757	7487971.0	7456305.0	99.58	31666.0	0.42
p1k_00758	7163790.0	7130836.0	99.54	32954.0	0.46
p1k_00759	8249479.0	8213477.0	99.56	36002.0	0.44
p1k_00760	8264158.0	8228464.0	99.57	35694.0	0.43
p1k_00761	7951540.0	7909925.0	99.48	41615.0	0.52
p1k_00762	6714013.0	6682455.0	99.53	31558.0	0.47
p1k_00763	6539426.0	6513278.0	99.6	26148.0	0.4
p1k_00764	6566552.0	6539125.0	99.58	27427.0	0.42
p1k_00765	6796408.0	6768459.0	99.59	27949.0	0.41
p1k_00766	5343604.0	5314526.0	99.46	29078.0	0.54
p1k_00767	6903037.0	6864847.0	99.45	38190.0	0.55
p1k_00768	4643631.0	4617385.0	99.43	26246.0	0.57
p1k_00769	7006618.0	6965792.0	99.42	40826.0	0.58
p1k_00770	6561361.0	6523937.0	99.43	37424.0	0.57
p1k_00771	9929533.0	9850412.0	99.2	79121.0	0.8
p1k_00772	8226250.0	8162508.0	99.23	63742.0	0.77
p1k_00773	7420545.0	7361520.0	99.2	59025.0	0.8
p1k_00774	7288329.0	7228814.0	99.18	59515.0	0.82
p1k_00775	9943924.0	9864932.0	99.21	78992.0	0.79
p1k_00776	9764178.0	9686031.0	99.2	78147.0	0.8
p1k_00777	6772427.0	6713361.0	99.13	59066.0	0.87
p1k_00778	7641225.0	7583900.0	99.25	57325.0	0.75
p1k_00779	9532633.0	9453510.0	99.17	79123.0	0.83
p1k_00780	8474494.0	8405751.0	99.19	68743.0	0.81
p1k_00781	10901356.0	10809413.0	99.16	91943.0	0.84
p1k_00782	8913831.0	8843147.0	99.21	70684.0	0.79
p1k_00783	10612242.0	10528371.0	99.21	83871.0	0.79
p1k_00784	9123827.0	9051734.0	99.21	72093.0	0.79
p1k_00785	8464307.0	8395523.0	99.19	68784.0	0.81
p1k_00786	9000156.0	8924026.0	99.15	76130.0	0.85
p1k_00787	7724903.0	7664389.0	99.22	60514.0	0.78
p1k_00788	8876724.0	8806049.0	99.2	70675.0	0.8
p1k_00789	7182432.0	7123695.0	99.18	58737.0	0.82
p1k_00790	9595611.0	9516526.0	99.18	79085.0	0.82
p1k_00791	4377897.0	4273893.0	97.62	104004.0	2.38
p1k_00792	4274105.0	4043489.0	94.6	230616.0	5.4
p1k_00793	4206750.0	4108946.0	97.68	97804.0	2.32
p1k_00794	6136173.0	5902008.0	96.18	234165.0	3.82
p1k_00795	12859436.0	12546644.0	97.57	312792.0	2.43
p1k_00796	13220711.0	12678571.0	95.9	542140.0	4.1
p1k_00797	6926957.0	6769444.0	97.73	157513.0	2.27
p1k_00798	7516936.0	7347725.0	97.75	169211.0	2.25
p1k_00799	7295310.0	7112305.0	97.49	183005.0	2.51
p1k_00800	7905598.0	7708436.0	97.51	197162.0	2.49
p1k_00801	6020196.0	5867424.0	97.46	152772.0	2.54
p1k_00802	7426993.0	7246139.0	97.56	180854.0	2.44
p1k_00803	10411079.0	10008188.0	96.13	402891.0	3.87
p1k_00804	10419689.0	10034080.0	96.3	385609.0	3.7
p1k_00805	11780486.0	11255390.0	95.54	525096.0	4.46
p1k_00806	16645965.0	15877776.0	95.39	768189.0	4.61
p1k_00807	9961572.0	9552598.0	95.89	408974.0	4.11
p1k_00808	11760672.0	11155503.0	94.85	605169.0	5.15
p1k_00809	11127691.0	10804562.0	97.1	323129.0	2.9
p1k_00810	14559212.0	14091087.0	96.78	468125.0	3.22
p1k_00811	11269025.0	10836305.0	96.16	432720.0	3.84
p1k_00812	12106704.0	11569568.0	95.56	537136.0	4.44
p1k_00813	11963049.0	11574820.0	96.75	388229.0	3.25
p1k_00814	15668924.0	15188133.0	96.93	480791.0	3.07
p1k_00815	11668265.0	11197144.0	95.96	471121.0	4.04
p1k_00816	11850247.0	11457335.0	96.68	392912.0	3.32
p1k_00817	10255552.0	9924229.0	96.77	331323.0	3.23
p1k_00818	13697012.0	13264597.0	96.84	432415.0	3.16
p1k_00819	11394384.0	10994806.0	96.49	399578.0	3.51
p1k_00820	9022032.0	8775851.0	97.27	246181.0	2.73
p1k_00821	2193422.0	2007059.0	91.5	186363.0	8.5
p1k_00822	3619811.0	2940363.0	81.23	679448.0	18.77
p1k_00823	1544740.0	1427574.0	92.42	117166.0	7.58
p1k_00824	2277751.0	2014948.0	88.46	262803.0	11.54
p1k_00825	2898115.0	1683403.0	58.09	1214712.0	41.91
p1k_00826	13037412.0	12492350.0	95.82	545062.0	4.18
p1k_00827	18975976.0	18194924.0	95.88	781052.0	4.12
p1k_00828	12629485.0	12425199.0	98.38	204286.0	1.62
p1k_00829	9760996.0	9542488.0	97.76	218508.0	2.24
p1k_00830	10615737.0	10260383.0	96.65	355354.0	3.35
p1k_00831	7723034.0	7479119.0	96.84	243915.0	3.16
p1k_00832	8848849.0	8533748.0	96.44	315101.0	3.56
p1k_00833	8309545.0	8134153.0	97.89	175392.0	2.11
p1k_00834	9108107.0	8760189.0	96.18	347918.0	3.82
p1k_00835	9556956.0	9161505.0	95.86	395451.0	4.14
p1k_00836	13755678.0	12956222.0	94.19	799456.0	5.81
p1k_00837	13136613.0	12306457.0	93.68	830156.0	6.32
p1k_00838	9941463.0	9596948.0	96.53	344515.0	3.47
p1k_00839	4977237.0	4799328.0	96.43	177909.0	3.57
p1k_00840	9184331.0	8806163.0	95.88	378168.0	4.12
p1k_00841	13591847.0	12825356.0	94.36	766491.0	5.64
p1k_00842	5021596.0	4942392.0	98.42	79204.0	1.58
p1k_00843	12935436.0	12326534.0	95.29	608902.0	4.71
p1k_00844	7137573.0	6931273.0	97.11	206300.0	2.89
p1k_00845	8064262.0	7722558.0	95.76	341704.0	4.24
p1k_00846	7890528.0	7656882.0	97.04	233646.0	2.96
p1k_00847	9378444.0	8987541.0	95.83	390903.0	4.17
p1k_00848	17400427.0	16838707.0	96.77	561720.0	3.23
p1k_00849	14431271.0	13954656.0	96.7	476615.0	3.3
p1k_00850	9244957.0	8992724.0	97.27	252233.0	2.73
p1k_00851	9992722.0	9693590.0	97.01	299132.0	2.99
p1k_00852	9345672.0	9130867.0	97.7	214805.0	2.3
p1k_00853	10172644.0	9950116.0	97.81	222528.0	2.19
p1k_00854	14869917.0	14190014.0	95.43	679903.0	4.57
p1k_00855	10404095.0	9944422.0	95.58	459673.0	4.42
p1k_00856	8283314.0	8017433.0	96.79	265881.0	3.21
p1k_00857	120489386.0	115992431.0	96.27	4496955.0	3.73
p1k_00858	8131772.0	7830704.0	96.3	301068.0	3.7
p1k_00859	8869446.0	8497716.0	95.81	371730.0	4.19
p1k_00860	13328094.0	12484465.0	93.67	843629.0	6.33
p1k_00861	11969078.0	11675454.0	97.55	293624.0	2.45
p1k_00862	9420885.0	8985605.0	95.38	435280.0	4.62
p1k_00863	10943929.0	10517545.0	96.1	426384.0	3.9
p1k_00864	9134120.0	8884819.0	97.27	249301.0	2.73
p1k_00865	10081797.0	9842854.0	97.63	238943.0	2.37
p1k_00866	11959133.0	11588112.0	96.9	371021.0	3.1
p1k_00867	12549106.0	12076572.0	96.23	472534.0	3.77
p1k_00868	7461474.0	7085483.0	94.96	375991.0	5.04
p1k_00869	7929680.0	7651453.0	96.49	278227.0	3.51
p1k_00870	8408593.0	8089768.0	96.21	318825.0	3.79
p1k_00871	4700292.0	4510755.0	95.97	189537.0	4.03
p1k_00872	20053868.0	19129840.0	95.39	924028.0	4.61
p1k_00873	10442342.0	10234081.0	98.01	208261.0	1.99
p1k_00874	8941790.0	8585983.0	96.02	355807.0	3.98
p1k_00875	9332122.0	9017677.0	96.63	314445.0	3.37
p1k_00876	7750728.0	7475661.0	96.45	275067.0	3.55
p1k_00877	79090565.0	75775163.0	95.81	3315402.0	4.19
p1k_00878	12372442.0	12094598.0	97.75	277844.0	2.25
p1k_00879	19609847.0	18745480.0	95.59	864367.0	4.41
p1k_00880	11733892.0	10786609.0	91.93	947283.0	8.07
p1k_00881	10205753.0	9930372.0	97.3	275381.0	2.7
p1k_00882	12746265.0	12482261.0	97.93	264004.0	2.07
p1k_00883	13555921.0	13262881.0	97.84	293040.0	2.16
p1k_00884	12796515.0	12483058.0	97.55	313457.0	2.45
p1k_00885	11893593.0	11621313.0	97.71	272280.0	2.29
p1k_00886	12188565.0	1195275.0	9.81	10993290.0	90.19
p1k_00887	13015021.0	1338026.0	10.28	11676995.0	89.72
p1k_00888	12627923.0	1237570.0	9.8	11390353.0	90.2
p1k_00889	16604886.0	1654467.0	9.96	14950419.0	90.04
p1k_00890	10120105.0	9799325.0	96.83	320780.0	3.17
p1k_00891	8723280.0	8387404.0	96.15	335876.0	3.85
p1k_00892	5004584.0	4797700.0	95.87	206884.0	4.13
p1k_00893	6517891.0	6243877.0	95.8	274014.0	4.2
p1k_00894	5123832.0	4829484.0	94.26	294348.0	5.74
p1k_00895	5804703.0	5507298.0	94.88	297405.0	5.12
p1k_00896	6328714.0	5951940.0	94.05	376774.0	5.95
p1k_00897	6151503.0	5866531.0	95.37	284972.0	4.63
p1k_00898	6029187.0	5750044.0	95.37	279143.0	4.63
p1k_00899	6392043.0	6127229.0	95.86	264814.0	4.14
p1k_00900	5705015.0	5464117.0	95.78	240898.0	4.22
p1k_00901	4787399.0	4402792.0	91.97	384607.0	8.03
p1k_00902	5480204.0	5257501.0	95.94	222703.0	4.06
p1k_00903	5965119.0	5707295.0	95.68	257824.0	4.32
p1k_00904	5594916.0	5397094.0	96.46	197822.0	3.54
p1k_00905	8245778.0	7919803.0	96.05	325975.0	3.95
p1k_00906	9678479.0	9279820.0	95.88	398659.0	4.12
p1k_00907	11202244.0	10739169.0	95.87	463075.0	4.13
p1k_00908	9657697.0	9169481.0	94.94	488216.0	5.06
p1k_00909	8265440.0	7868789.0	95.2	396651.0	4.8
p1k_00910	8580010.0	7993981.0	93.17	586029.0	6.83
p1k_00911	11806257.0	11000332.0	93.17	805925.0	6.83
p1k_00912	8750303.0	8364114.0	95.59	386189.0	4.41
p1k_00913	9287585.0	8882424.0	95.64	405161.0	4.36
p1k_00914	9185433.0	8811608.0	95.93	373825.0	4.07
p1k_00915	8821212.0	8505966.0	96.43	315246.0	3.57
p1k_00916	8261270.0	7956092.0	96.31	305178.0	3.69
p1k_00917	11036630.0	10581721.0	95.88	454909.0	4.12
p1k_00918	9847447.0	9418991.0	95.65	428456.0	4.35
p1k_00919	7819513.0	7493313.0	95.83	326200.0	4.17
p1k_00920	10249516.0	9554698.0	93.22	694818.0	6.78
p1k_00921	6252291.0	5807665.0	92.89	444626.0	7.11
p1k_00922	15266989.0	14676824.0	96.13	590165.0	3.87
p1k_00923	17069322.0	16497356.0	96.65	571966.0	3.35
p1k_00924	15544257.0	14947863.0	96.16	596394.0	3.84
p1k_00925	16013563.0	15464127.0	96.57	549436.0	3.43
p1k_00926	15140471.0	14589441.0	96.36	551030.0	3.64
p1k_00927	14737340.0	14260366.0	96.76	476974.0	3.24
p1k_00928	17274561.0	16621908.0	96.22	652653.0	3.78
p1k_00929	14173806.0	13737879.0	96.92	435927.0	3.08
p1k_00930	1706529.0	1542600.0	90.39	163929.0	9.61
p1k_00931	1303134.0	1176292.0	90.27	126842.0	9.73
p1k_00932	5781811.0	5226578.0	90.4	555233.0	9.6
p1k_00933	4429295.0	4013486.0	90.61	415809.0	9.39
p1k_00934	3602031.0	3407868.0	94.61	194163.0	5.39
p1k_00935	4433216.0	4215189.0	95.08	218027.0	4.92
p1k_00936	4175576.0	3995878.0	95.7	179698.0	4.3
p1k_00937	7887642.0	7522627.0	95.37	365015.0	4.63
p1k_00938	1604182.0	1515275.0	94.46	88907.0	5.54
p1k_00939	2618303.0	2506956.0	95.75	111347.0	4.25
p1k_00940	1761934.0	1559355.0	88.5	202579.0	11.5
p1k_00941	1105272.0	938606.0	84.92	166666.0	15.08
p1k_00942	11472541.0	10171658.0	88.66	1300883.0	11.34
p1k_00943	3317179.0	3021223.0	91.08	295956.0	8.92
p1k_00944	2682375.0	2498483.0	93.14	183892.0	6.86
p1k_00945	2994112.0	2835004.0	94.69	159108.0	5.31
p1k_00946	3795222.0	3478963.0	91.67	316259.0	8.33
p1k_00947	6610258.0	6205296.0	93.87	404962.0	6.13
p1k_00948	5146046.0	4365940.0	84.84	780106.0	15.16
p1k_00949	5928802.0	5612703.0	94.67	316099.0	5.33
p1k_00950	10619132.0	9340157.0	87.96	1278975.0	12.04
p1k_00951	3831910.0	3633809.0	94.83	198101.0	5.17
p1k_00952	2764736.0	2674200.0	96.73	90536.0	3.27
p1k_00953	7415456.0	6971910.0	94.02	443546.0	5.98
p1k_00954	8140183.0	7229827.0	88.82	910356.0	11.18
p1k_00955	6987825.0	6642831.0	95.06	344994.0	4.94
p1k_00956	4143057.0	3918656.0	94.58	224401.0	5.42
p1k_00957	5166352.0	4919677.0	95.23	246675.0	4.77
p1k_00958	12099455.0	10676955.0	88.24	1422500.0	11.76
p1k_00959	1452977.0	1133672.0	78.02	319305.0	21.98
p1k_00960	1761410.0	1427150.0	81.02	334260.0	18.98
p1k_00961	12452169.0	10957488.0	88.0	1494681.0	12.0
p1k_00962	2431655.0	2324175.0	95.58	107480.0	4.42
p1k_00963	1454213.0	1382088.0	95.04	72125.0	4.96
p1k_00964	1789551.0	1697558.0	94.86	91993.0	5.14
p1k_00965	2736275.0	2595103.0	94.84	141172.0	5.16
p1k_00966	2017297.0	1567085.0	77.68	450212.0	22.32
p1k_00967	13730970.0	11866664.0	86.42	1864306.0	13.58
p1k_00968	3461363.0	3213799.0	92.85	247564.0	7.15
p1k_00969	4013169.0	3765145.0	93.82	248024.0	6.18
p1k_00970	3546869.0	3378530.0	95.25	168339.0	4.75
p1k_00971	4481983.0	4301382.0	95.97	180601.0	4.03
p1k_00972	10220839.0	7231345.0	70.75	2989494.0	29.25
p1k_00973	6898250.0	6501546.0	94.25	396704.0	5.75
p1k_00974	1815013.0	1763385.0	97.16	51628.0	2.84
p1k_00975	5427120.0	5136929.0	94.65	290191.0	5.35
p1k_00976	2130137.0	2051979.0	96.33	78158.0	3.67
p1k_00977	5686802.0	5311377.0	93.4	375425.0	6.6
p1k_00978	6635365.0	6087699.0	91.75	547666.0	8.25
p1k_00979	5970659.0	5640206.0	94.47	330453.0	5.53
p1k_00980	5988154.0	5683177.0	94.91	304977.0	5.09
p1k_00981	5549423.0	5221310.0	94.09	328113.0	5.91
p1k_00982	1564742.0	1513721.0	96.74	51021.0	3.26
p1k_00983	4880822.0	4645073.0	95.17	235749.0	4.83
p1k_00984	3526819.0	3186457.0	90.35	340362.0	9.65
p1k_00985	3503214.0	3354859.0	95.77	148355.0	4.23
p1k_00986	2773807.0	2655251.0	95.73	118556.0	4.27
p1k_00987	3559223.0	3401694.0	95.57	157529.0	4.43
p1k_00988	11716562.0	10380509.0	88.6	1336053.0	11.4
p1k_00989	1116577.0	886889.0	79.43	229688.0	20.57
p1k_00990	1878301.0	1749550.0	93.15	128751.0	6.85
p1k_00991	13772421.0	12241486.0	88.88	1530935.0	11.12
p1k_00992	4061975.0	3719521.0	91.57	342454.0	8.43
p1k_00993	2409588.0	2108867.0	87.52	300721.0	12.48
p1k_00994	2633408.0	2512648.0	95.41	120760.0	4.59
p1k_00995	5814780.0	5585291.0	96.05	229489.0	3.95
p1k_00996	1588901.0	1358366.0	85.49	230535.0	14.51
p1k_00997	13469345.0	11819735.0	87.75	1649610.0	12.25
p1k_00998	11271148.0	9955548.0	88.33	1315600.0	11.67
p1k_00999	2600379.0	2399184.0	92.26	201195.0	7.74
p1k_01000	14598256.0	12892790.0	88.32	1705466.0	11.68
p1k_01001	5137822.0	4776141.0	92.96	361681.0	7.04
p1k_01002	8439710.0	7909037.0	93.71	530673.0	6.29
p1k_01003	2384706.0	2270334.0	95.2	114372.0	4.8
p1k_01004	2727167.0	2598133.0	95.27	129034.0	4.73
p1k_01005	2912582.0	2769634.0	95.09	142948.0	4.91
p1k_01006	2682576.0	2541977.0	94.76	140599.0	5.24
p1k_01007	4212744.0	4037636.0	95.84	175108.0	4.16
p1k_01008	10615870.0	9404590.0	88.59	1211280.0	11.41
p1k_01009	3628703.0	3350648.0	92.34	278055.0	7.66
p1k_01010	3910960.0	3639853.0	93.07	271107.0	6.93
p1k_01011	2609385.0	2489480.0	95.4	119905.0	4.6
p1k_01012	2376094.0	2242549.0	94.38	133545.0	5.62
p1k_01013	3501193.0	3249342.0	92.81	251851.0	7.19
p1k_01014	2091823.0	2024304.0	96.77	67519.0	3.23
p1k_01015	2843912.0	2633860.0	92.61	210052.0	7.39
p1k_01016	2273170.0	2172744.0	95.58	100426.0	4.42
p1k_01017	9257844.0	8887352.0	96.0	370492.0	4.0
p1k_01018	2345180.0	2151702.0	91.75	193478.0	8.25
p1k_01019	2320699.0	2239763.0	96.51	80936.0	3.49
p1k_01020	6188028.0	5737554.0	92.72	450474.0	7.28
p1k_01021	1689484.0	1637987.0	96.95	51497.0	3.05
p1k_01022	2139343.0	2064100.0	96.48	75243.0	3.52
p1k_01023	2783679.0	2689979.0	96.63	93700.0	3.37
p1k_01024	2082379.0	2011079.0	96.58	71300.0	3.42
p1k_01025	3053213.0	2960139.0	96.95	93074.0	3.05
p1k_01026	2589535.0	1571875.0	60.7	1017660.0	39.3
p1k_01027	2706515.0	2573747.0	95.09	132768.0	4.91
p1k_01028	2061656.0	1965256.0	95.32	96400.0	4.68
p1k_01029	2556814.0	2435518.0	95.26	121296.0	4.74
p1k_01030	3229343.0	3080864.0	95.4	148479.0	4.6
p1k_01031	10816425.0	9613161.0	88.88	1203264.0	11.12
p1k_01032	4079304.0	3784677.0	92.78	294627.0	7.22
p1k_01033	4558455.0	4203156.0	92.21	355299.0	7.79
p1k_01034	4550925.0	4231740.0	92.99	319185.0	7.01
p1k_01035	1663710.0	1600871.0	96.22	62839.0	3.78
p1k_01036	3437171.0	3180555.0	92.53	256616.0	7.47
p1k_01037	4027104.0	3738809.0	92.84	288295.0	7.16
p1k_01038	2747407.0	2657963.0	96.74	89444.0	3.26
p1k_01039	1219759.0	1180890.0	96.81	38869.0	3.19
p1k_01040	1777050.0	1719168.0	96.74	57882.0	3.26
p1k_01041	2665503.0	2502778.0	93.9	162725.0	6.1
p1k_01042	3139670.0	2930746.0	93.35	208924.0	6.65
p1k_01043	3097774.0	2958315.0	95.5	139459.0	4.5
p1k_01044	2587013.0	2212539.0	85.52	374474.0	14.48
p1k_01045	2694047.0	2491393.0	92.48	202654.0	7.52
p1k_01046	3060293.0	2833086.0	92.58	227207.0	7.42
p1k_01047	5964931.0	5481819.0	91.9	483112.0	8.1
p1k_01048	2093275.0	1967249.0	93.98	126026.0	6.02
p1k_01049	1957609.0	1878843.0	95.98	78766.0	4.02
p1k_01050	954469.0	908701.0	95.2	45768.0	4.8
p1k_01051	959218.0	912619.0	95.14	46599.0	4.86
p1k_01052	2035292.0	1396160.0	68.6	639132.0	31.4
p1k_01053	2634490.0	2512224.0	95.36	122266.0	4.64
p1k_01054	5000103.0	4799100.0	95.98	201003.0	4.02
p1k_01055	3350525.0	3214322.0	95.93	136203.0	4.07
