Sample	cutadapt_version	r_processed	r_with_adapters	r_written	bp_processed	quality_trimmed	bp_written	percent_trimmed
p1k_00001	2.6	6496162	2056266	6496162	201381022	10060007	188572802	6.360192173421386
p1k_00002	2.6	4394188	1383413	4394188	136219828	6035575	128348546	5.778367302005403
p1k_00003	2.6	11445313	1513488	11445313	354804703	6338224	346636233	2.3022440037949554
p1k_00004	2.6	10563549	1411164	10563549	327470019	6001546	319757327	2.355236068191024
p1k_00005	2.6	10848313	1439302	10848313	336297703	8690930	325858317	3.1042097245606226
p1k_00006	2.6	9037985	1199445	9037985	280177535	8349883	270366795	3.501615502470603
p1k_00007	2.6	11303219	1506428	11303219	350399789	6423699	342148845	2.354722879128218
p1k_00008	2.6	11791043	1540767	11791043	365522333	6390710	357267590	2.2583416264198553
p1k_00009	2.6	10702587	1409451	10702587	331780197	8836260	321222269	3.1822055974003773
p1k_00010	2.6	10191100	1338900	10191100	315924100	8602587	305687623	3.2401697116490955
p1k_00011	2.6	10705755	1419747	10705755	331878405	6638143	323503075	2.523614032675612
p1k_00012	2.6	10835549	1405070	10835549	335902019	6158300	328032197	2.342892139627181
p1k_00013	2.6	8328676	1820123	8328676	258188956	36639356	219216620	15.094501563420861
p1k_00014	2.6	10233764	4370518	10233764	317246684	20085857	291346029	8.1642003860945
p1k_00015	2.6	10711415	1446643	10711415	332053865	6743989	323536231	2.5651362317375828
p1k_00016	2.6	8635899	3565929	8635899	267712869	5353680	257513460	3.809831420543328
p1k_00017	2.6	11011905	1453377	11011905	341369055	6629177	332960940	2.4630571742948404
p1k_00018	2.6	9930142	1287480	9930142	307834402	5735833	300528274	2.3733955505077042
p1k_00019	2.6	7953402	953760	7953402	601200943	737221	599286369	0.3184582496571367
p1k_00020	2.6	8039029	652122	8039029	607651741	284530	606532879	0.18412882322343252
p1k_00021	2.6	7815384	3903394	7815384	590916050	166757	585708213	0.8813158823491086
p1k_00022	2.6	8797292	682029	8797292	665145182	134890	664146138	0.15019938910119024
p1k_00023	2.6	6256504	492170	6256504	473059028	92270	472356750	0.1484546237219259
p1k_00024	2.6	7170760	564440	7170760	542184927	122875	541362904	0.15161303073259355
p1k_00025	2.6	8126768	637284	8126768	614425064	154465	613415464	0.16431621350655057
p1k_00026	2.6	5854610	457035	5854610	442624381	123334	441878887	0.1684258780132584
p1k_00027	2.6	8879503	2236696	8879503	275264593	10358213	261776711	4.899969826486183
p1k_00028	2.6	8527195	2158860	8527195	264343045	9905182	251083439	5.016060097211939
p1k_00029	2.6	6969271	2056552	6969271	216047401	7327178	205498350	4.882748392793672
p1k_00030	2.6	9832264	2906329	9832264	304800184	10302185	289752752	4.936818542078045
p1k_00031	2.6	4954483	1474713	4954483	153588973	5126513	146058839	4.90278296215966
p1k_00032	2.6	7648208	2282009	7648208	237094448	7900756	225554906	4.867065465826513
p1k_00033	2.6	10664383	745229	10664383	330595873	5014934	324590213	1.816616748872724
p1k_00034	2.6	10681790	754742	10681790	331135490	4912516	325243135	1.779439286317513
p1k_00035	2.6	10547275	780096	10547275	326965525	4837970	321106056	1.7920754795172977
p1k_00036	2.6	10402789	774742	10402789	322486459	4757952	316720376	1.7880077873285216
p1k_00037	2.6	4261898	1171467	4261898	149166430	194230	147347636	1.2193051747635175
p1k_00038	2.6	3977165	1095997	3977165	139200775	184586	137527447	1.2020967555676325
p1k_00039	2.6	4231556	1195999	4231556	148104460	193169	146294863	1.2218382890022352
p1k_00040	2.6	4656543	1450199	4656543	162979005	876737	160157409	1.7312634839070222
p1k_00041	2.6	8206775	993442	8206775	619722573	916758	617480524	0.3617826907847683
p1k_00042	2.6	5682446	689149	5682446	429222030	670303	427643513	0.36776234435124405
p1k_00043	2.6	7653797	947209	7653797	578229681	800741	575841014	0.4131000324765411
p1k_00044	2.6	9484300	1184398	9484300	716552285	981053	713319749	0.4511235352490712
p1k_00045	2.6	6661396	830257	6661396	503346296	628528	501438916	0.37893990979125036
p1k_00046	2.6	6603058	819545	6603058	499002395	658827	497157624	0.36969181280182034
p1k_00047	2.6	5200630	641336	5200630	392982390	510337	391507295	0.37535905870998443
p1k_00048	2.6	6125210	754496	6125210	462867116	614365	461163443	0.3680695692368001
p1k_00049	2.6	7981080	1032230	7981080	603297125	1641523	600360028	0.48684087463536313
p1k_00050	2.6	8100145	1077387	8100145	251104495	5735222	244054432	2.8076211857537636
p1k_00051	2.6	9224375	1189905	9224375	285955625	5935754	278575897	2.580724893941149
p1k_00052	2.6	9351020	1363381	9351020	289881620	10089377	278082307	4.070390182033617
p1k_00053	2.6	10429535	1741730	10429535	323315585	17503453	303602948	6.097026532141963
p1k_00054	2.6	9437466	1229923	9437466	292561446	6114984	284946444	2.602872697040197
p1k_00055	2.6	12238795	1813248	12238795	379402645	12089856	365063438	3.779416719669943
p1k_00056	2.6	5577929	1835340	5577929	172915799	7017215	163340703	5.537432701565923
p1k_00057	2.6	8557209	2798308	8557209	265273479	10363751	251020825	5.3728152749110665
p1k_00058	2.6	12127390	3987340	12127390	375949090	14844678	355564110	5.422271403822257
p1k_00059	2.6	4745433	1565653	4745433	147108423	5496167	139435474	5.215846138191557
p1k_00060	2.6	8458095	2439076	8458095	262200945	8770154	248381665	5.27049206477879
p1k_00061	2.6	9489355	2706577	9489355	294170005	9818262	279562183	4.9657754875450335
p1k_00062	2.6	8054151	2397245	8054151	249678681	8395215	235702763	5.597561611597908
p1k_00063	2.6	9407856	2779246	9407856	291643536	9788833	275465537	5.547182434381128
p1k_00064	2.6	7045353	569476	7045353	530640961	498165	527034292	0.6796816049034706
p1k_00065	2.6	7552478	561230	7552478	570753701	188597	569526666	0.21498502731566166
p1k_00066	2.6	6349861	471008	6349861	479858188	167131	478901185	0.1994345462747423
p1k_00067	2.6	6762786	499753	6762786	511139731	156023	510136877	0.19619957893666456
p1k_00068	2.6	3949972	1617148	3949972	142198992	1223051	118055951	16.97834890418914
p1k_00069	2.6	2607846	808025	2607846	93882456	246073	90402917	3.7062718086540047
p1k_00070	2.6	11994493	3766726	11994493	431801748	1177766	415574797	3.7579632493752664
p1k_00071	2.6	6352305	2056055	6352305	228682980	868176	216491332	5.331244152931713
p1k_00072	2.6	2798274	1338029	2798274	86746494	1388742	83701154	3.5106202678346863
p1k_00073	2.6	15256362	5940768	15256362	762818100	7566997	687784113	9.836419324607007
p1k_00074	2.6	14950361	6925475	14950361	747518050	7873891	598385332	19.950383539233602
p1k_00075	2.6	9820521	4171902	9820521	353538756	1050625	288272088	18.460965563843303
p1k_00076	2.6	13194718	4924387	13194718	475009848	1826297	420107397	11.558171105538847
p1k_00077	2.6	5816102	2933454	5816102	180299162	2775645	173965035	3.5131205989742758
p1k_00078	2.6	8464655	3796563	8464655	304727580	951816	244046046	19.913371149404988
p1k_00079	2.6	12857641	4167418	12857641	462875076	2609814	435539639	5.905575481882287
p1k_00080	2.6	3606287	1419531	3606287	129826332	1211388	109891625	15.35490273267522
p1k_00081	2.6	10797115	3757601	10797115	388696140	2092930	355777823	8.468907615084627
p1k_00082	2.6	10136072	795090	10136072	314218232	4627869	307850154	2.026641789519075
p1k_00083	2.6	10525313	837328	10525313	326284703	4754124	319557438	2.0617776249228577
p1k_00084	2.6	9429892	754953	9429892	292326652	4296158	286207150	2.093378061197102
p1k_00085	2.6	10086646	794640	10086646	312686026	4633723	306265483	2.0533514343874133
p1k_00086	2.6	8520029	562336	8520029	264120899	3695060	259708171	1.6707227700296448
p1k_00087	2.6	7908593	3961227	7908593	245166383	3424979	236833283	3.3989570258496657
p1k_00088	2.6	7438538	528216	7438538	230594678	3283282	226633684	1.7177300163015905
p1k_00089	2.6	8185939	577668	8185939	253764109	3567480	249458391	1.696740337696849
p1k_00090	2.6	8869693	628066	8869693	274960483	3924537	270227373	1.7213782680182446
p1k_00091	2.6	9672696	695227	9672696	299853576	4254776	294706137	1.7166508629531902
p1k_00092	2.6	6729653	526358	6729653	208619243	2851610	204816711	1.822713928647512
p1k_00093	2.6	7811736	632339	7811736	242163816	3252317	236441166	2.363131740540461
p1k_00094	2.6	2499411	189095	2499411	188954818	64227	188604299	0.18550413464450535
p1k_00095	2.6	3917636	1878727	3917636	296182403	45621	293771454	0.8140081840040984
p1k_00096	2.6	8172533	652898	8172533	253348523	3567349	248932360	1.7431177208797068
p1k_00097	2.6	9727223	826031	9727223	301543913	4268473	295018208	2.164097737897299
p1k_00098	2.6	1969209	146126	1969209	148871616	10991	148643031	0.15354505186536027
p1k_00099	2.6	4004221	297470	4004221	302721346	44325	302242270	0.15825643164258393
p1k_00100	2.6	4990075	500267	4990075	154692325	2257948	149252032	3.516847393689377
p1k_00101	2.6	2112504	168166	2112504	159679820	21416	158712641	0.6056989543199635
p1k_00102	2.6	3837526	303149	3837526	290081494	57432	288469433	0.5557269365139162
p1k_00103	2.6	2646035	1270739	2646035	200016243	14542	198408346	0.8038832126248866
p1k_00104	2.6	4059239	296880	4059239	306846353	39867	306362489	0.15768934363055637
p1k_00105	2.6	8293358	774214	8293358	257094098	3959416	250682062	2.49404247311815
p1k_00106	2.6	8297058	700946	8297058	257208798	3890610	252089305	1.9904035319973774
p1k_00107	2.6	8302695	721812	8302695	257383545	3920866	252022269	2.0829909697607127
p1k_00108	2.6	5148256	2453318	5148256	389271759	125266	385994352	0.8419328975776021
p1k_00109	2.6	6619494	499097	6619494	500486366	177307	499651520	0.16680694155013207
p1k_00110	2.6	6098921	2897942	6098921	461136000	152412	457292925	0.8333929686686791
p1k_00111	2.6	6451853	3070253	6451853	487830849	160423	483759865	0.8345072904563279
p1k_00112	2.6	6592922	499937	6592922	498483221	171398	497671093	0.1629198267437772
p1k_00113	2.6	6221344	493132	6221344	470363010	159032	469564939	0.16967129281700957
p1k_00114	2.6	6701145	506763	6701145	506675138	175137	505838506	0.16512197604611892
p1k_00115	2.6	6430775	3065029	6430775	486251886	182040	482130324	0.8476187175138279
p1k_00116	2.6	6360448	506672	6360448	480886859	200857	480049046	0.17422247755786566
p1k_00117	2.6	4958207	396321	4958207	374838298	133812	374192535	0.1722777537528996
p1k_00118	2.6	6158348	500005	6158348	465612402	177948	464807679	0.17283109224397333
p1k_00119	2.6	6817199	559318	6817199	515427742	200300	514507129	0.17861145704493336
p1k_00120	2.6	7775444	980812	7775444	587697123	1197532	585289326	0.4097003210954973
p1k_00121	2.6	5687214	723655	5687214	429883064	858306	428053824	0.4255203689531719
p1k_00122	2.6	5068955	633586	5068955	383154274	856982	381510198	0.42908982401172435
p1k_00123	2.6	5174312	641179	5174312	391109906	549036	389775545	0.3411728978299005
p1k_00124	2.6	5570223	701136	5570223	421049483	740601	419451667	0.3794841377349465
p1k_00125	2.6	5229852	1613985	5229852	162125412	6062215	153926526	5.057125776186154
p1k_00126	2.6	5333547	1641650	5333547	165339957	6237552	156937345	5.0820214015176015
p1k_00127	2.6	5473447	1686918	5473447	169676857	6351266	161097807	5.056110863722564
p1k_00128	2.6	8360781	2335619	8360781	259184211	11663358	244709389	5.5847622600745535
p1k_00129	2.6	6951598	2562859	6951598	215499538	1497289	210567333	2.2887311247971214
p1k_00130	2.6	14127069	1911326	14127069	437939139	23787795	411820982	5.963878236514503
p1k_00131	2.6	12345603	3474780	12345603	382713693	16571854	361946148	5.426391942553255
p1k_00132	2.6	2018768	889288	2018768	152541081	268073	151048085	0.9787501112569144
p1k_00133	2.6	5343270	659124	5343270	165641370	3004605	161837741	2.296303755517115
p1k_00134	2.6	9372184	1248512	9372184	290537704	5779854	283224445	2.517146277166147
p1k_00135	2.6	9457010	2908637	9457010	293167310	2005817	287275963	2.0095511331055294
p1k_00136	2.6	8522257	2699050	8522257	264189967	1545145	259015604	1.9585766479920867
p1k_00137	2.6	9169021	1207078	9169021	284239651	5774716	276987678	2.551358677259282
p1k_00138	2.6	10039848	1192504	10039848	311235288	5917329	303878175	2.3638428172065113
p1k_00139	2.6	6943528	2200116	6943528	215249368	1436487	210853887	2.042041303461574
p1k_00140	2.6	9924761	4648949	9924761	307667591	4422719	297422507	3.3299197899592876
p1k_00141	2.6	9250128	737203	9250128	286753968	4139235	281597889	1.7980846214480282
p1k_00142	2.6	3630212	1000111	3630212	127057420	142007	125604264	1.1437002262441658
p1k_00143	2.6	3645785	1169664	3645785	113019335	146530	108942245	3.6074269946819273
p1k_00144	2.6	3966272	1073246	3966272	138819520	159255	137242327	1.136146415143922
p1k_00145	2.6	3844985	1059935	3844985	134574475	150821	133016639	1.1576013950639599
p1k_00146	2.6	5689368	3217918	5689368	853405200	7900929	781011316	8.482943858321931
p1k_00147	2.6	6057659	3195971	6057659	908648850	4990175	841685922	7.3695056126467335
p1k_00148	2.6	6439613	3436644	6439613	965941950	8274882	890237265	7.837394886928764
p1k_00149	2.6	5023209	2693950	5023209	753481350	5634056	696462408	7.567399246179087
p1k_00150	2.6	5865488	3225866	5865488	879823200	5095841	809226010	8.024020053119763
p1k_00151	2.6	3922738	1151666	3922738	137295830	143152	135630362	1.2130506804176064
p1k_00152	2.6	3804115	1086071	3804115	133144025	142150	131563816	1.18684184288405
p1k_00153	2.6	4313072	1237211	4313072	150957520	161736	149160938	1.1901242150771951
p1k_00154	2.6	4370543	1110769	4370543	152969005	161649	151330501	1.0711346393342887
p1k_00155	2.6	5706374	3256075	5706374	855956100	2590925	785713749	8.206302986800376
p1k_00156	2.6	4614203	1272479	4614203	161497105	163734	159627611	1.1576021749739724
p1k_00157	2.6	4226462	1219209	4226462	147926170	158304	146146514	1.2030704235768424
p1k_00158	2.6	3648147	1077184	3648147	127685145	133920	126124858	1.2219800510074996
p1k_00159	2.6	4103006	1191395	4103006	143605210	156046	141858523	1.2163117201666986
p1k_00160	2.6	4181278	1296175	4181278	146344730	704239	143891372	1.6764238794249715
p1k_00161	2.6	14079450	4280257	14079450	1422024450	5448109	1410357773	0.8204273140310633
p1k_00162	2.6	13351511	4080964	13351511	1348502611	4666478	1337732608	0.7986638596133945
p1k_00163	2.6	11031928	3168742	11031928	1114224728	7856469	1101255512	1.1639677054447854
p1k_00164	2.6	7751299	2228553	7751299	782881199	7552002	771987704	1.3914620780157476
p1k_00165	2.6	13324226	4033369	13324226	1345746826	3649203	1336019748	0.7228014818293913
p1k_00166	2.6	13721416	4191441	13721416	1385863016	4839111	1374966068	0.786293296970413
p1k_00167	2.6	14059012	4334848	14059012	1419960212	4771742	1408897381	0.7790944356404262
p1k_00168	2.6	13860947	4302186	13860947	1399955647	4447183	1389199804	0.7682988402560441
p1k_00169	2.6	7930536	2292567	7930536	800984136	4380345	792591372	1.0478065198534718
p1k_00170	2.6	7669728	2302404	7669728	774642528	2479237	767302189	0.9475775902662551
p1k_00171	2.6	12896277	3976006	12896277	1302523977	5781964	1290735860	0.9050211134808155
p1k_00172	2.6	13608258	4197648	13608258	1374434058	4487729	1363668806	0.7832497992420966
p1k_00173	2.6	10325737	3220867	10325737	1042899437	3732864	1033783448	0.8741004814637752
p1k_00174	2.6	12363848	3854671	12363848	1248748648	3650543	1239006456	0.7801563601772965
p1k_00175	2.6	8441355	2407575	8441355	852576855	8599765	840298794	1.440111929850594
p1k_00176	2.6	8408759	2398544	8408759	849284659	9377853	836351763	1.5227987298425933
p1k_00177	2.6	14766394	4441014	14766394	1491405794	5565957	1479681632	0.786114821812205
p1k_00178	2.6	13811812	4158094	13811812	1394993012	4946215	1384322544	0.7649119320462947
p1k_00179	2.6	14792483	4452769	14792483	1494040783	5910677	1481982288	0.8071061471151287
p1k_00180	2.6	15242149	4569031	15242149	1539457049	6042771	1527135268	0.8003978420836085
p1k_00181	2.6	14329383	4406996	14329383	1447267683	5449703	1434728326	0.8664158778151891
p1k_00182	2.6	13588624	4171069	13588624	1372451024	5602523	1360262512	0.8880835663247683
p1k_00183	2.6	8197734	2315828	8197734	827971134	9436394	815106563	1.5537463169579533
p1k_00184	2.6	9387835	2666707	9387835	948171335	10718669	933506482	1.5466458917997135
p1k_00185	2.6	8026594	2388279	8026594	810685994	7775889	799523657	1.3769001910251333
p1k_00186	2.6	8612655	2572612	8612655	869878155	6305905	859899237	1.1471627310838723
p1k_00187	2.6	8952048	2663620	8952048	904156848	7246862	893109704	1.2218172128471232
p1k_00188	2.6	4646052	1382575	4646052	469251252	6667367	460619488	1.8394759658520845
p1k_00189	2.6	7364507	2214948	7364507	743815207	8235523	732314895	1.546124883139153
p1k_00190	2.6	9113140	2734343	9113140	920427140	11578159	904831725	1.6943671391523725
p1k_00191	2.6	12886326	3991599	12886326	1301518926	4241603	1291506626	0.7692780950002105
p1k_00192	2.6	11608719	3631688	11608719	1172480619	4774565	1162486753	0.85236939852564
p1k_00193	2.6	11683188	3610202	11683188	1180001988	4513594	1170253630	0.8261306420782063
p1k_00194	2.6	11785423	3650107	11785423	1190327723	4319759	1180744008	0.8051324702281171
p1k_00195	2.6	10065487	3075817	10065487	1016614187	4491377	1007728126	0.8740839065233309
p1k_00196	2.6	9400831	2881044	9400831	949483931	4073973	941281937	0.863837052130164
p1k_00197	2.6	13518649	4224980	13518649	1365383549	4918059	1354354620	0.8077531773454815
p1k_00198	2.6	12732089	3994893	12732089	1285940989	4145940	1276014298	0.7719398545433566
p1k_00199	2.6	11472322	3586338	11472322	1158704522	3826875	1149314727	0.8103701005492409
p1k_00200	2.6	11813712	3725795	11813712	1193184912	4395957	1183094966	0.845631376874132
p1k_00201	2.6	10298220	3174720	10298220	1040120220	3568903	1031971080	0.7834805865037409
p1k_00202	2.6	14673943	4504017	14673943	1482068243	5892270	1469571695	0.8431830355331351
p1k_00203	2.6	4484931	1381034	4484931	452978031	1749747	449237716	0.8257166449646209
p1k_00204	2.6	4319778	1324385	4319778	436297578	1578087	432787195	0.8045845718630141
p1k_00205	2.6	11756878	3679870	11756878	1187444678	3507210	1178480611	0.7549039686714567
p1k_00206	2.6	12820993	4037306	12820993	1294920293	4053924	1284773262	0.7836027479723805
p1k_00207	2.6	12054587	3721303	12054587	1205458700	4530808	1194570607	0.903232354621523
p1k_00208	2.6	11237518	3477139	11237518	1123751800	5035053	1112923191	0.9636121606212333
p1k_00209	2.6	11655541	3666087	11655541	1177209641	5362357	1166573042	0.9035433137435542
p1k_00210	2.6	10309639	3280693	10309639	1041273539	4122189	1032528242	0.8398654793819744
p1k_00211	2.6	12966983	3972366	12966983	1309665283	5262025	1298646794	0.841320995755524
p1k_00212	2.6	14077733	4320674	14077733	1421851033	5254650	1410316846	0.8112092429024526
p1k_00213	2.6	5370658	1644986	5370658	542436458	1950588	538122673	0.7952608893408857
p1k_00214	2.6	6707188	2069462	6707188	677425988	2111085	672316969	0.754181134249606
p1k_00215	2.6	11579963	3522751	11579963	1169576263	4679688	1159797149	0.8361245272639395
p1k_00216	2.6	11858526	3627018	11858526	1197711126	3774862	1188674524	0.7544892757387645
p1k_00217	2.6	12214414	3750209	12214414	1233655814	4660702	1223412188	0.8303471587254239
p1k_00218	2.6	10078335	3134074	10078335	1017911835	3985153	1009418011	0.8344361179374636
p1k_00219	2.6	7309138	2101787	7309138	548185350	6101362	539162911	1.6458737906804695
p1k_00220	2.6	7061062	1885093	7061062	529579650	3531912	523417369	1.1636174086372086
p1k_00221	2.6	7177308	1916150	7177308	538298100	3995912	531606135	1.2431708378684598
p1k_00222	2.6	6841188	1838512	6841188	513089100	3355049	507158955	1.1557729446990785
p1k_00223	2.6	10748683	2880780	10748683	806151225	5205890	796931551	1.1436655696950655
p1k_00224	2.6	9912160	2639279	9912160	743412000	4966770	734767445	1.1628215578979086
p1k_00225	2.6	16959697	4512801	16959697	1271977275	8586248	1257117233	1.1682631672802488
p1k_00226	2.6	9115388	2417279	9115388	683654100	4731261	675540063	1.1868629179580727
p1k_00227	2.6	11445532	3199483	11445532	858414900	5155079	848962514	1.1011442135964788
p1k_00228	2.6	10429783	2777308	10429783	782233725	5120585	773314352	1.1402439852615662
p1k_00229	2.6	8979344	2433963	8979344	673450800	4629050	665466847	1.1855287721092618
p1k_00230	2.6	9495666	2576326	9495666	712174950	4510203	704109510	1.1325082411281104
p1k_00231	2.6	11432372	3108313	11432372	857427900	5543977	847572770	1.149382939370179
p1k_00232	2.6	10148005	2755319	10148005	761100375	4873518	752401661	1.1429128516721594
p1k_00233	2.6	3894250	1095138	3894250	136298750	165389	134696446	1.17558231458469
p1k_00234	2.6	4262155	1224755	4262155	149175425	177836	147366353	1.2127144936909011
p1k_00235	2.6	3968501	1137229	3968501	138897535	165667	137218380	1.2089163425398441
p1k_00236	2.6	3956246	1130686	3956246	138468610	167228	136795495	1.2082991228120221
p1k_00237	2.6	3853771	1107478	3853771	134881985	157513	133242324	1.215626386281311
p1k_00238	2.6	3336919	1157577	3336919	116792165	142093	115166798	1.391674689821873
p1k_00239	2.6	4005088	1119106	4005088	140178080	163472	138540834	1.1679757634003833
p1k_00240	2.6	3943690	1261237	3943690	138029150	823774	135511230	1.8241943821287026
p1k_00241	2.6	4393705	1418670	4393705	153779675	730453	151096892	1.7445627973917879
p1k_00242	2.6	3941923	1274322	3941923	137967305	644967	135574555	1.7342876995386698
p1k_00243	2.6	4363615	1384824	4363615	152726525	919633	149930934	1.8304554497000438
p1k_00244	2.6	4036543	1290781	4036543	141279005	681525	138856552	1.714658876596703
p1k_00245	2.6	3730495	1180581	3730495	130567325	607522	128359085	1.6912654065632422
p1k_00246	2.6	3943884	1251002	3943884	138035940	632578	135704660	1.6888934867252687
p1k_00247	2.6	3791758	1230127	3791758	132711530	602633	130398667	1.7427747234923747
p1k_00248	2.6	4073373	1326709	4073373	142568055	725867	139984402	1.8122243443666257
p1k_00249	2.6	4305020	1366318	4305020	150675700	779705	148037440	1.750952542447123
p1k_00250	2.6	4325684	1375182	4325684	151398940	773128	148745454	1.752645031728756
p1k_00251	2.6	4088291	1337089	4088291	143090185	862802	140375359	1.8972831714488314
p1k_00252	2.6	3760144	1233927	3760144	131605040	746942	129111018	1.8950809178736618
p1k_00253	2.6	3369880	1086623	3369880	117945800	576566	115876217	1.7546898660232073
p1k_00254	2.6	4405297	1409121	4405297	154185395	733051	151464594	1.7646295227897557
p1k_00255	2.6	11212625	3496321	11212625	1132475125	6110538	1121304811	0.9863628571974153
p1k_00256	2.6	10196781	3174865	10196781	1029874881	7029396	1018357543	1.1183240034766904
p1k_00257	2.6	11344801	3418775	11344801	1145824901	4414794	1136454765	0.8177633416608739
p1k_00258	2.6	11307751	3377477	11307751	1142082851	5512239	1131747602	0.9049473942236788
p1k_00259	2.6	6919959	2163101	6919959	698915859	4889478	691032139	1.1279927187916337
p1k_00260	2.6	8728217	2602426	8728217	881549917	257182	877592005	0.4489719667230143
p1k_00261	2.6	7948101	2341642	7948101	802758201	239672	799204303	0.44271089296538996
p1k_00262	2.6	8071816	2380953	8071816	815253416	242363	811587514	0.44966410787783806
p1k_00263	2.6	7282035	2162740	7282035	735485535	239842	732168554	0.450992010332331
p1k_00264	2.6	7341486	2178659	7341486	741490086	233333	738140305	0.4517634238470452
p1k_00265	2.6	7458182	2205224	7458182	753276382	240393	749961868	0.44001299910661473
p1k_00266	2.6	8869539	2613175	8869539	895823439	269142	891899177	0.4380619918117592
p1k_00267	2.6	10336529	3002232	10336529	1043989429	283874	1039426516	0.4370650576769394
p1k_00268	2.6	10618586	3085101	10618586	1072477186	285127	1067741630	0.4415530756101324
p1k_00269	2.6	11468636	3363383	11468636	1158332236	294551	1153120365	0.4499461240928462
p1k_00270	2.6	10660908	3141369	10660908	1076751708	287425	1071940439	0.44683179643491217
p1k_00271	2.6	8658437	2578650	8658437	848526826	262875	844580227	0.46511187143068594
p1k_00272	2.6	9434777	2799646	9434777	924608146	280982	919861831	0.5133325961417605
p1k_00273	2.6	9066388	2726195	9066388	888506024	268420	883590383	0.5532479090991509
p1k_00274	2.6	7607321	2408139	7607321	745517458	230891	739109622	0.8595152174156061
p1k_00275	2.6	8459025	2474616	8459025	854361525	600369	850248140	0.48145719108781265
p1k_00276	2.6	10545607	3076173	10545607	1065106307	715371	1060033329	0.47628841991262383
p1k_00277	2.6	7872345	2335803	7872345	795106845	568058	791254006	0.48456871227161924
p1k_00278	2.6	8829656	2607905	8829656	891795256	648172	887432509	0.4892094873399954
p1k_00279	2.6	6101853	1857396	6101853	616287153	709627	612931382	0.5445141901246154
p1k_00280	2.6	8741482	2613515	8741482	882889682	653232	878542632	0.4923661572477183
p1k_00281	2.6	11770022	3461795	11770022	600271122	309090	595253411	0.835907445169418
p1k_00282	2.6	16649350	5192688	16649350	849116850	440501	841741507	0.8685898766465416
p1k_00283	2.6	10604620	3159518	10604620	1071066620	330707	1066156484	0.45843422886243995
p1k_00284	2.6	10808529	3176189	10808529	1091661429	318066	1086850368	0.440709992328583
p1k_00285	2.6	20138810	5948277	20138810	2013881000	1310872	2004089379	0.4862065335538694
p1k_00286	2.6	10640474	3097143	10640474	1074687874	288115	1070008507	0.4354163765320386
p1k_00287	2.6	7876564	2311733	7876564	795532964	245051	792012898	0.4424789618145855
p1k_00288	2.6	10256409	3041241	10256409	1035897309	313743	1031237127	0.4498691095644115
p1k_00289	2.6	9113397	2690201	9113397	920453097	278850	916334564	0.4474462646085268
p1k_00290	2.6	8847609	2615475	8847609	893608509	273252	889622968	0.4460052651535349
p1k_00291	2.6	10114540	2962617	10114540	1021568540	263992	1017085015	0.43888636194689395
p1k_00292	2.6	10250345	2973162	10250345	1035284845	267582	1030779928	0.43513792573675697
p1k_00293	2.6	9398646	2699247	9398646	939864600	1071176	934945548	0.5233787930729596
p1k_00294	2.6	6888024	1973722	6888024	688802400	733155	685295342	0.5091529878525394
p1k_00295	2.6	9131688	2722576	9131688	922300488	277449	918110614	0.4542851331549984
p1k_00296	2.6	7168314	2167506	7168314	723999714	380630	720640201	0.46402131589792317
p1k_00297	2.6	11650722	3461135	11650722	1176722922	486714	1171330916	0.45822222880094454
p1k_00298	2.6	7140798	2096056	7140798	721220598	230950	718001910	0.44628342686352396
p1k_00299	2.6	10497593	3109075	10497593	1049759300	645344	1044728663	0.47921814076807895
p1k_00300	2.6	7623518	2238027	7623518	769975318	226681	766562055	0.4432951187144417
p1k_00301	2.6	8260472	2447078	8260472	834307672	243099	830585005	0.4461983420428141
p1k_00302	2.6	9523093	2810840	9523093	961832393	252447	957526352	0.4476914097859875
p1k_00303	2.6	9765788	2904163	9765788	986344588	257011	981780311	0.46274669679639385
p1k_00304	2.6	9643442	2848280	9643442	973987642	248925	969628526	0.44755352245013397
p1k_00305	2.6	10970781	3234873	10970781	1108048881	284274	1103087940	0.44771860565599003
p1k_00306	2.6	11701163	3449547	11701163	1181817463	292415	1176561782	0.4447117397181327
p1k_00307	2.6	8854703	2624151	8854703	894325003	269441	890272751	0.4531073140532559
p1k_00308	2.6	7866299	2329397	7866299	794496199	249554	790886348	0.45435723978838066
p1k_00309	2.6	9569061	2869101	9569061	966475161	288975	962074026	0.4553800426123937
p1k_00310	2.6	8966499	2697846	8966499	905616399	280656	901469831	0.4578724506953191
p1k_00311	2.6	8621068	2584974	8621068	870727868	266844	866663572	0.46676994608377453
p1k_00312	2.6	10514687	3131428	10514687	1061983387	323595	1057368114	0.4345899433547354
p1k_00313	2.6	6978590	2072203	6978590	704837590	217597	701727684	0.4412230624646452
p1k_00314	2.6	6757362	2037976	6757362	682493562	372317	679243739	0.4761690338113402
p1k_00315	2.6	9936117	2980896	9936117	1003547817	399288	998906527	0.4624881765848134
p1k_00316	2.6	9341336	2768774	9341336	943474936	274816	939241498	0.4487069914064999
p1k_00317	2.6	12764528	999574	12764528	505462788	786615	503374976	0.41304959525526935
p1k_00318	2.6	13578580	1053723	13578580	537715942	814679	535534980	0.405597422291043
p1k_00319	2.6	9412703	4422006	9412703	372738756	672601	366549457	1.6604924763981344
p1k_00320	2.6	10779956	4577053	10779956	426721474	1348501	419087750	1.788924266792348
p1k_00321	2.6	12815322	1665465	12815322	507316674	1701821	503585600	0.7354526652124191
p1k_00322	2.6	11911009	5067154	11911009	471517170	1582443	462957090	1.8154333595105347
p1k_00323	2.6	12081648	5135515	12081648	478291215	1568597	469645927	1.8075364399072227
p1k_00324	2.6	15762786	6718810	15762786	624004207	2105114	612644707	1.8204204190565658
p1k_00325	2.6	12557614	5338082	12557614	497076460	1619322	488148110	1.796172363503192
p1k_00326	2.6	13965266	1832796	13965266	552890429	1852673	548836075	0.7333015345071202
p1k_00327	2.6	12693186	5251399	12693186	502450917	2262402	492943298	1.892248312883465
p1k_00328	2.6	11393574	1507948	11393574	450984672	1470766	447690053	0.7305390192950948
p1k_00329	2.6	12055257	5167482	12055257	477211598	1641358	468446828	1.8366632405275278
p1k_00330	2.6	10654382	1417735	10654382	421714585	1432854	418562106	0.7475385277462007
p1k_00331	2.6	10321668	4403301	10321668	408573815	1468166	401061840	1.8385845407151213
p1k_00332	2.6	10278684	4374396	10278684	406867226	1549100	399316496	1.8558216335665239
p1k_00333	2.6	11885242	1607026	11885242	470409397	1784045	466672866	0.7943147020083869
p1k_00334	2.6	11324991	4790158	11324991	448248932	1717606	439965737	1.8479006660522281
p1k_00335	2.6	11356212	4806431	11356212	449473895	1707201	441167877	1.8479422481254444
p1k_00336	2.6	11759777	1584084	11759777	465458785	1738271	461796897	0.7867265841808099
p1k_00337	2.6	11697060	4959408	11697060	463003785	1769696	454461571	1.8449555439379401
p1k_00338	2.6	9639392	4096278	9639392	381546052	1445308	374517108	1.8422268984714854
p1k_00339	2.6	10467069	4452720	10467069	414311884	1551251	406672312	1.8439181435596956
p1k_00340	2.6	12403465	5826110	12403465	491054276	731623	482969560	1.646399674157404
p1k_00341	2.6	14182130	4126216	14182130	567285200	902326	560784419	1.1459458134991007
p1k_00342	2.6	12723542	4444360	12723542	508941680	801206	502433639	1.2787400316672826
p1k_00343	2.6	11382061	3984378	11382061	455282440	809663	449362702	1.3002342018725783
p1k_00344	2.6	11535668	3354185	11535668	461426720	725141	456150178	1.1435276223275497
p1k_00345	2.6	13670443	4771511	13670443	546817720	892475	539789223	1.2853455078229725
p1k_00346	2.6	13478028	3923348	13478028	539121120	861491	532941376	1.1462626431700542
p1k_00347	2.6	13526565	3947169	13526565	541062600	864270	534845075	1.149132281551155
p1k_00348	2.6	13851635	4018318	13851635	554065400	915116	547698315	1.1491576626152797
p1k_00349	2.6	9365861	2726748	9365861	374634440	332954	370600630	1.0767322940197384
p1k_00350	2.6	8823947	2571003	8823947	352957880	311179	349158471	1.0764482719581157
p1k_00351	2.6	8220598	2372262	8220598	328823920	298147	325318548	1.0660331523327136
p1k_00352	2.6	8441904	2966180	8441904	337676160	291813	333568123	1.2165611572934256
p1k_00353	2.6	9288520	3256573	9288520	371540800	339980	367010365	1.2193640644580621
p1k_00354	2.6	8508880	2979284	8508880	340355200	299540	336219645	1.215070314777033
p1k_00355	2.6	7308104	2120703	7308104	292324160	258226	289167989	1.079681884658456
p1k_00356	2.6	7843330	2745948	7843330	313733200	270603	309924195	1.2140905074757786
p1k_00357	2.6	5838756	1710578	5838756	233550240	170001	231060618	1.065989912919807
p1k_00358	2.6	12447329	3658045	12447329	497893160	357400	492567202	1.069698969152338
p1k_00359	2.6	6401157	1889881	6401157	256046280	209958	253247408	1.0931117608894767
p1k_00360	2.6	11499813	3516354	11499813	459992520	2454087	452782990	1.5673146163333267
p1k_00361	2.6	6415979	2084549	6415979	256639160	564443	253273411	1.3114713280701198
p1k_00362	2.6	6552965	2165821	6552965	262118600	592309	258588197	1.346872369988242
p1k_00363	2.6	12471430	3988229	12471430	498857200	1975276	491532710	1.4682538409789414
p1k_00364	2.6	7263017	2283807	7263017	290520680	1148334	286328702	1.4429189687976773
p1k_00365	2.6	8506309	2742773	8506309	340252360	1361743	335191039	1.487519733882228
p1k_00366	2.6	7896995	2542690	7896995	315879800	981742	311479925	1.3928953355042013
p1k_00367	2.6	10325543	3380576	10325543	413021720	1348125	407088119	1.4366317103129589
p1k_00368	2.6	10459016	3404943	10459016	418360640	1325511	412421954	1.4195135565334254
p1k_00369	2.6	7584483	2551195	7584483	303379320	811718	299009835	1.4402712089934144
p1k_00370	2.6	9514777	2952661	9514777	380591080	918695	375740788	1.2744103198635135
p1k_00371	2.6	9461225	2981793	9461225	378449000	1020501	373421901	1.3283425243559899
p1k_00372	2.6	9353870	2945511	9353870	374154800	927021	369276465	1.3038279877740442
p1k_00373	2.6	9026578	2834141	9026578	361063120	914198	356338942	1.3084077930750722
p1k_00374	2.6	7414007	2335687	7414007	296560280	749935	292668142	1.3124272744819367
p1k_00375	2.6	10091029	3131474	10091029	403641160	1209100	398266268	1.3316015641219543
p1k_00376	2.6	8706166	2699386	8706166	348246640	898250	343757315	1.28912227265136
p1k_00377	2.6	11422355	3604274	11422355	456894200	1128827	450923593	1.3067810884883195
p1k_00378	2.6	4935117	1556562	4935117	197404680	521715	194792445	1.3232892958768758
p1k_00379	2.6	9289441	2937754	9289441	371577640	933078	366712261	1.3093842245189997
p1k_00380	2.6	9667076	3060547	9667076	386683040	948859	381633772	1.3057898789665046
p1k_00381	2.6	8961839	2729046	8961839	358473560	1217661	353623031	1.3531064885231703
p1k_00382	2.6	7861622	2411379	7861622	314464880	1024097	310231772	1.3461306076532298
p1k_00383	2.6	8755011	2762727	8755011	350200440	1097829	345386066	1.3747481299566613
p1k_00384	2.6	8815119	2781611	8815119	352604760	1173964	347671594	1.3990639264200517
p1k_00385	2.6	8621440	2694559	8621440	344857600	1076770	340163517	1.3611655941466854
p1k_00386	2.6	9034162	2851893	9034162	361366480	940911	356602554	1.3183087706419256
p1k_00387	2.6	9123380	2820034	9123380	921461380	7131007	910272529	1.2142506721225799
p1k_00388	2.6	7576446	2286724	7576446	765221046	5008978	756910697	1.0860063302545393
p1k_00389	2.6	7066169	2184552	7066169	706616900	3065502	700510237	0.8642112862004857
p1k_00390	2.6	8973629	2762869	8973629	897362900	5314883	888219111	1.0189622281019195
p1k_00391	2.6	6809487	2027831	6809487	687758187	6284827	678401488	1.3604634851115194
p1k_00392	2.6	8818435	2615200	8818435	890661935	8118215	878475689	1.3682235112023733
p1k_00393	2.6	7375691	2118204	7375691	744944791	4268199	737692596	0.9735211370851777
p1k_00394	2.6	8058592	2394598	8058592	813917792	5975038	804502497	1.1567869743778743
p1k_00395	2.6	6926755	2108730	6926755	692675500	4821222	684954752	1.1146269790110954
p1k_00396	2.6	6891321	2113734	6891321	689132100	3314159	682936250	0.8990801618441515
p1k_00397	2.6	4846082	1504863	4846082	489454282	2006772	485061325	0.8975214154935108
p1k_00398	2.6	8546793	2668833	8546793	863226093	6243726	853094880	1.173645361528709
p1k_00399	2.6	8245679	2510326	8245679	832813579	5130526	823968390	1.0620851080047051
p1k_00400	2.6	9496195	2927963	9496195	959115695	6313633	948624981	1.093790254365507
p1k_00401	2.6	7003757	2141982	7003757	700375700	3034629	694345988	0.8609253576330532
p1k_00402	2.6	8161872	2482187	8161872	816187200	3912661	808834649	0.9008412530850765
p1k_00403	2.6	8946870	2792803	8946870	903633870	5459058	894141563	1.0504594078572995
p1k_00404	2.6	9735845	3032895	9735845	983320345	7812713	971133875	1.2393184034039284
p1k_00405	2.6	8467778	2649287	8467778	855245578	6418296	844997821	1.1982239094371558
p1k_00406	2.6	9707670	3005087	9707670	980474670	5384805	970783107	0.9884562341625818
p1k_00407	2.6	9281212	2930549	9281212	937402412	4228227	928886993	0.908405919484662
p1k_00408	2.6	8209001	2503314	8209001	820900100	4123877	813309531	0.9246641582818664
p1k_00409	2.6	9011022	2753653	9011022	901102200	7735255	889487318	1.2889638933297465
p1k_00410	2.6	8751268	2742231	8751268	883878068	7122285	872761774	1.2576727947502369
p1k_00411	2.6	8166422	2466803	8166422	824808622	6399176	814911562	1.1999219862665305
p1k_00412	2.6	9283258	2922440	9283258	937609058	5235756	928155464	1.0082660698868804
p1k_00413	2.6	8811539	2767863	8811539	889965439	3924597	882107414	0.8829584448615875
p1k_00414	2.6	11275459	3540996	11275459	1138821359	4528674	1129101867	0.853469415829599
p1k_00415	2.6	13046487	3977813	13046487	1304648700	6017778	1292873120	0.9025862670924364
p1k_00416	2.6	13653351	4184470	13653351	1365335100	6154416	1353040772	0.900462311413513
p1k_00417	2.6	7349474	2336568	7349474	742296874	5086169	733925090	1.1278215351880898
p1k_00418	2.6	8385477	2659434	8385477	846933177	4968723	838200708	1.031069420486287
p1k_00419	2.6	8873029	2804024	8873029	896175929	3934922	888277077	0.8813952422058414
p1k_00420	2.6	11075778	3346538	11075778	1118653578	400909	1113465273	0.46379907971831474
p1k_00421	2.6	13622668	4113894	13622668	1375889468	532205	1369402541	0.47147152085039434
p1k_00422	2.6	9563667	2882790	9563667	965930367	358445	961344649	0.47474622981803405
p1k_00423	2.6	10187113	3069872	10187113	1028898413	380586	1024035687	0.4726147828162702
p1k_00424	2.6	11777527	3537390	11777527	1189530227	422499	1184076659	0.45846401177664237
p1k_00425	2.6	7602215	2261492	7602215	767823715	585903	763853208	0.51711179564179
p1k_00426	2.6	8737831	2593253	8737831	882520931	640186	877936061	0.5195196894429238
p1k_00427	2.6	12418751	3783980	12418751	1241875100	2404053	1234129363	0.6237130448947724
p1k_00428	2.6	8422308	2498449	8422308	850653108	646549	846160151	0.5281773448831036
p1k_00429	2.6	9405041	2824034	9405041	949909141	347382	945464713	0.46787927478213415
p1k_00430	2.6	8828552	2667722	8828552	891683752	325377	887587399	0.4593952722377294
p1k_00431	2.6	10460349	3135592	10460349	1056495249	387516	1051504714	0.47236700824955624
p1k_00432	2.6	12465282	3730423	12465282	1258993482	458403	1253121263	0.46642171575595176
p1k_00433	2.6	3267250	951125	3267250	326725000	210163	325196000	0.46797765705103683
p1k_00434	2.6	3024582	877953	3024582	302458200	204212	301033170	0.4711494018016374
p1k_00435	2.6	9462729	2855786	9462729	955735629	359921	951144023	0.4804263711298765
p1k_00436	2.6	10377948	3120897	10377948	1048172748	385218	1043283979	0.4664087107137802
p1k_00437	2.6	10882307	3234984	10882307	1099113007	424558	1094153922	0.4511897292104378
p1k_00438	2.6	11252899	3340943	11252899	1136542799	427830	1131405639	0.4519988164563612
p1k_00439	2.6	5915884	1833100	5915884	591588400	1792600	587257864	0.7320184100972906
p1k_00440	2.6	7798631	2363855	7798631	779863100	8549915	767864730	1.538522594542555
p1k_00441	2.6	13934453	4473257	13934453	557378120	2463724	548982642	1.5062446297676702
p1k_00442	2.6	13188153	4170977	13188153	527526120	2518469	519478973	1.525449962553513
p1k_00443	2.6	10885144	3418707	10885144	435405760	2117477	428736355	1.5317677469402335
p1k_00444	2.6	11656574	3653209	11656574	466262960	2014365	459388360	1.47440405731564
p1k_00445	2.6	13371886	4283565	13371886	534875440	2082063	527118777	1.4501811861094238
p1k_00446	2.6	13545764	4329237	13545764	541830560	2179285	533912771	1.461303511562729
p1k_00447	2.6	14609856	4619267	14609856	584394240	2637883	575638943	1.4981833154276127
p1k_00448	2.6	14563986	4566249	14563986	582559440	1565567	574903800	1.3141388628085746
p1k_00449	2.6	13594250	4246610	13594250	543770000	1870971	536291292	1.3753439873475917
p1k_00450	2.6	12626981	3876270	12626981	505079240	1842680	498134499	1.374980488210127
p1k_00451	2.6	13728200	4557670	13728200	549128000	1930195	540798212	1.516911903964103
p1k_00452	2.6	12381150	3841963	12381150	495246000	1630716	488577679	1.3464664025554975
p1k_00453	2.6	14601286	4847070	14601286	584051440	1976022	575241543	1.5084111426897604
p1k_00454	2.6	13584756	4524817	13584756	543390240	1802044	535212190	1.5050049481934014
p1k_00455	2.6	7639658	2433916	7639658	305586320	1028293	301368006	1.380400143566636
p1k_00456	2.6	7633220	2320463	7633220	305328800	1371769	300860581	1.463412229701227
p1k_00457	2.6	7533563	2363632	7533563	301342520	1026788	297221646	1.367504990666435
p1k_00458	2.6	7130896	2247438	7130896	285235840	910091	281385966	1.3497160805598623
p1k_00459	2.6	11596406	3688129	11596406	463856240	1033544	457917960	1.2801983649071962
p1k_00460	2.6	13322062	3684768	13322062	532882480	379296	527705880	0.9714337014795457
p1k_00461	2.6	11485267	4098904	11485267	459410680	330510	453782874	1.2250054787581341
p1k_00462	2.6	10594866	3097662	10594866	423794640	314060	419363102	1.0456805211127729
p1k_00463	2.6	13369701	3713922	13369701	534788040	384764	529550195	0.9794244837636983
p1k_00464	2.6	13344668	3706615	13344668	533786720	370094	528555786	0.9799670550065389
p1k_00465	2.6	7720097	2197515	7720097	308803880	267339	305685150	1.009938735225736
p1k_00466	2.6	7707028	2193275	7707028	308281120	281442	305146728	1.0167317414702528
p1k_00467	2.6	8261890	2388347	8261890	330475600	278065	327025560	1.043962095840056
p1k_00468	2.6	7544451	2665530	7544451	301778040	265612	298043300	1.237578453355983
p1k_00469	2.6	9798743	3461628	9798743	391949720	344804	387143768	1.226165437750536
p1k_00470	2.6	11104080	3225469	11104080	444163200	301030	439542173	1.0403894334334767
p1k_00471	2.6	14187048	4185925	14187048	567481920	410089	561474458	1.0586173388572448
p1k_00472	2.6	11963670	4233427	11963670	478546800	347149	472757067	1.2098572177266675
p1k_00473	2.6	10460537	2987726	10460537	418421480	301163	414155331	1.0195817384900985
p1k_00474	2.6	9443987	2693247	9443987	377759480	270507	373904531	1.0204771035792404
p1k_00475	2.6	9529880	3316981	9529880	381195200	269297	376626856	1.198426422997981
p1k_00476	2.6	10866206	3134236	10866206	434648240	315041	430148246	1.0353185831374816
p1k_00477	2.6	12319236	3668588	12319236	492769440	400020	487415387	1.0865229385978157
p1k_00478	2.6	14769029	5116816	14769029	590761160	493901	583616652	1.209373344720225
p1k_00479	2.6	15212917	4324435	15212917	608516680	510415	602235486	1.0322139402982347
p1k_00480	2.6	13155383	3724733	13155383	526215320	429108	520784020	1.0321440280378003
p1k_00481	2.6	7495914	2121175	7495914	299836560	252783	296775381	1.020949213131314
p1k_00482	2.6	7105392	2013600	7105392	284215680	249416	281316363	1.0201115575326456
p1k_00483	2.6	6698829	1980126	6698829	267953160	276272	265021888	1.0939494051870857
p1k_00484	2.6	7355401	2172375	7355401	294216040	243064	291075536	1.0674142714992698
p1k_00485	2.6	14613683	5328377	14613683	584547320	510197	577114121	1.2716162996008604
p1k_00486	2.6	14700431	4338771	14700431	588017240	495261	581672821	1.0789511885739949
p1k_00487	2.6	14986531	4383183	14986531	599461240	511273	593058297	1.0681162638638655
p1k_00488	2.6	15770593	5488441	15770593	630823720	522509	623200955	1.2083827475606022
p1k_00489	2.6	11340914	4015795	11340914	453636560	316017	448104051	1.2195906344056573
p1k_00490	2.6	10084639	2859266	10084639	403385560	295067	399304448	1.0117149458696537
p1k_00491	2.6	12019652	3351295	12019652	480786080	394920	476037203	0.9877317995562601
p1k_00492	2.6	9911519	2751959	9911519	396460760	274925	392598167	0.9742686766781157
p1k_00493	2.6	11451429	3279343	11451429	458057160	330927	453400494	1.0166124245279782
p1k_00494	2.6	11511964	3295100	11511964	460478560	338466	455785016	1.0192752513819536
p1k_00495	2.6	8333590	2411747	8333590	333343600	291371	329859492	1.0452002078335987
p1k_00496	2.6	7370066	2136831	7370066	294802640	259701	291718887	1.0460398183679767
p1k_00497	2.6	8419947	2404406	8419947	336797880	288615	333329839	1.0297098663447644
p1k_00498	2.6	8739303	2477575	8739303	349572120	306178	346019163	1.0163731020654623
p1k_00499	2.6	6619219	2274609	6619219	264768760	216608	261634107	1.183921018476651
p1k_00500	2.6	5313564	1546082	5313564	212542560	151320	210310320	1.0502555347032614
p1k_00501	2.6	13014367	3784638	13014367	520574680	516452	514950917	1.080298988033763
p1k_00502	2.6	12705915	4389178	12705915	508236600	514178	502005346	1.2260537710192456
p1k_00503	2.6	12498907	3682128	12498907	499956280	512110	494477220	1.0959078261803212
p1k_00504	2.6	11958002	4134208	11958002	478320080	535047	472399028	1.2378848908036644
p1k_00505	2.6	14827510	5185409	14827510	593100400	569219	585709000	1.2462308236514423
p1k_00506	2.6	15449227	4439586	15449227	617969080	608944	611386889	1.0651327409455502
p1k_00507	2.6	10705222	2986185	10705222	428208880	314820	424004831	0.9817752962059078
p1k_00508	2.6	10896492	3048324	10896492	435859680	317134	431596249	0.9781659546944099
p1k_00509	2.6	14458262	4237087	14458262	578330480	467491	572169076	1.0653777058404392
p1k_00510	2.6	13723717	4013069	13723717	548948680	477539	543077291	1.0695697455725734
p1k_00511	2.6	5687097	1677403	5687097	227483880	205185	225003003	1.0905726594781133
p1k_00512	2.6	6271898	1855302	6271898	250875920	218465	248146464	1.0879704995202408
p1k_00513	2.6	4681680	1379966	4681680	187267200	171761	185233750	1.085854864065891
p1k_00514	2.6	4640673	1368921	4640673	185626920	156185	183631966	1.0747115773940548
p1k_00515	2.6	6963978	2043980	6963978	278559120	156057	275671701	1.0365551844075327
p1k_00516	2.6	11251766	3133754	11251766	450070640	331419	445524619	1.0100683306069467
p1k_00517	2.6	8675620	2425738	8675620	347024800	253190	343497633	1.0164019977822911
p1k_00518	2.6	7320089	2151251	7320089	373324539	191546	370203536	0.8360026395157485
p1k_00519	2.6	7376471	2162090	7376471	376200021	184823	373069767	0.8320717238875434
p1k_00520	2.6	8158496	2589668	8158496	416083296	583598	412098599	0.9576681011486701
p1k_00521	2.6	7774195	2482060	7774195	396483945	546156	392654068	0.9659601727378899
p1k_00522	2.6	8402843	2726000	8402843	336113720	1302321	331076212	1.498751077462711
p1k_00523	2.6	9617342	2999269	9617342	384693680	1297341	379368973	1.384142052970561
p1k_00524	2.6	7049635	2203802	7049635	281985400	1148423	277899257	1.4490619017864046
p1k_00525	2.6	7222346	2251157	7222346	288893840	1168998	284700026	1.4516799665925724
p1k_00526	2.6	11297462	3561091	11297462	451898480	1786530	445369933	1.4446932859787445
p1k_00527	2.6	12346338	3884162	12346338	493853520	1817313	486888140	1.4104141649127053
p1k_00528	2.6	9082404	2833203	9082404	363296160	1127249	358424048	1.3410854659184948
p1k_00529	2.6	9696034	3053526	9696034	387841360	912200	382904090	1.2730127596499765
p1k_00530	2.6	8055918	2640610	8055918	322236720	1292903	317285520	1.5365101779834403
p1k_00531	2.6	9933333	3267637	9933333	397333320	1549302	391267997	1.5265075176680374
p1k_00532	2.6	7606213	2524743	7606213	304248520	1309914	299443071	1.5794486033983008
p1k_00533	2.6	7599965	2392085	7599965	303998600	1155337	299639203	1.4340187750864641
p1k_00534	2.6	7785320	2381523	7785320	311412800	1277877	306945162	1.4346353136415717
p1k_00535	2.6	7684924	2345600	7684924	307396960	920926	303354466	1.3150728621389098
p1k_00536	2.6	8638784	2640606	8638784	345551360	1105744	340936617	1.3354723882435307
p1k_00537	2.6	7955128	2577046	7955128	318205120	1007798	313682279	1.4213602219851145
p1k_00538	2.6	8881268	2695308	8881268	355250720	1905979	349752738	1.5476343017686214
p1k_00539	2.6	13840797	4394249	13840797	553631880	1446738	546341836	1.3167673797975652
p1k_00540	2.6	9024783	2591844	9024783	360991320	365599	357114860	1.0738374540418312
p1k_00541	2.6	11032572	3173242	11032572	441302880	463778	436550546	1.0768871483458253
p1k_00542	2.6	10528671	3011793	10528671	421146840	435538	416642580	1.069522449699492
p1k_00543	2.6	13669253	3877243	13669253	546770120	580211	541010745	1.0533448682235964
p1k_00544	2.6	14467655	4094457	14467655	578706200	616479	572585249	1.057695770323525
p1k_00545	2.6	12638346	4508862	12638346	505533840	515483	499066357	1.279337304106091
p1k_00546	2.6	10369248	3037200	10369248	414769920	299707	410344777	1.0668910127330353
p1k_00547	2.6	8013221	2340082	8013221	320528840	237727	317117125	1.064401880342499
p1k_00548	2.6	10574326	3715518	10574326	422973040	418703	417667329	1.2543851494648455
p1k_00549	2.6	8576273	2439757	8576273	343050920	355364	339410673	1.0611389702729845
p1k_00550	2.6	13711540	3992619	13711540	548461600	411571	542672533	1.0555099937716699
p1k_00551	2.6	3942340	1382838	3942340	157693600	116238	155760377	1.2259362459858865
p1k_00552	2.6	6846724	2405850	6846724	273868960	225560	270478046	1.2381519979482158
p1k_00553	2.6	7354086	2577555	7354086	294163440	253136	290521969	1.2379074027690185
p1k_00554	2.6	4783083	1668720	4783083	191323320	164644	188992173	1.2184332782851561
p1k_00555	2.6	7679807	2679746	7679807	307192280	266134	303456614	1.2160676694088797
p1k_00556	2.6	13415256	3852507	13415256	536610240	534360	530891341	1.0657454095546146
p1k_00557	2.6	6461620	1818097	6461620	258464800	183633	255836692	1.0168146687672752
p1k_00558	2.6	9038676	2739597	9038676	912906276	391351	908651616	0.466056605355181
p1k_00559	2.6	9647744	2870508	9647744	974422144	258414	970127798	0.4407069386140715
p1k_00560	2.6	5453837	1805247	5453837	218153480	613706	215023410	1.434801773503682
p1k_00561	2.6	11906645	3919778	11906645	476265800	1423393	469392588	1.4431462431272621
p1k_00562	2.6	8953995	2764431	8953995	1343099250	10309055	1324030554	1.4197533056473675
p1k_00563	2.6	10696260	3390345	10696260	1604439000	12574867	1579172570	1.5747828368669674
p1k_00564	2.6	10179752	3151316	10179752	1526962800	12070965	1504519108	1.4698257220149697
p1k_00565	2.6	12536704	3904355	12536704	1880505600	14326027	1852776926	1.4745329128506717
p1k_00566	2.6	9819525	3166296	9819525	392781000	1145080	387416849	1.365684949119229
p1k_00567	2.6	4021927	1333670	4021927	160877080	414777	158608774	1.4099621897662489
p1k_00568	2.6	8334442	2735326	8334442	333377680	770073	329010148	1.3100853062508564
p1k_00569	2.6	9273755	3032078	9273755	370950200	852310	366112265	1.3042006716804575
p1k_00570	2.6	8647674	2707216	8647674	441031374	595616	436934414	0.9289497848740348
p1k_00571	2.6	12505016	3964207	12505016	637755816	836603	631806992	0.9327745589700744
p1k_00572	2.6	6305696	2002413	6305696	321590496	456028	318528496	0.9521425658051785
p1k_00573	2.6	4237752	1338800	4237752	216125352	347978	213985137	0.9902655936449326
p1k_00574	2.6	9151513	2909374	9151513	366060520	1098516	361113031	1.3515494650993776
p1k_00575	2.6	7316970	2413998	7316970	292678800	756921	288548412	1.4112357984247579
p1k_00576	2.6	8293032	2485616	8293032	837596232	4353002	829831678	0.9270044089692132
p1k_00577	2.6	8481812	2538969	8481812	856663012	4554220	848583513	0.9431362025468188
p1k_00578	2.6	10809687	3426842	10809687	432387480	1018512	426807662	1.2904670597770314
p1k_00579	2.6	9034825	2858878	9034825	361393000	951793	356642223	1.314573608232589
p1k_00580	2.6	11246426	3571525	11246426	1686963900	12526660	1660882675	1.5460452354671017
p1k_00581	2.6	12716262	3832401	12716262	1284342462	5879241	1273246884	0.8639111707575078
p1k_00582	2.6	12730450	3750766	12730450	1285775450	10422164	1270193830	1.211846127564498
p1k_00583	2.6	9731393	2897500	9731393	982870693	6875093	971984957	1.107545079686286
p1k_00584	2.6	6421786	2030591	6421786	256871440	662629	253486212	1.317868580485242
p1k_00585	2.6	9358344	2964726	9358344	374333760	721946	369646115	1.2522634880701116
p1k_00586	2.6	4853733	1522928	4853733	194149320	382155	191735101	1.24348568411159
p1k_00587	2.6	10076507	3177859	10076507	403060280	823800	398017386	1.2511513166219208
p1k_00588	2.6	5535046	1750789	5535046	221401840	449153	218618603	1.2570975019900466
p1k_00589	2.6	9164608	2881863	9164608	366584320	745305	362012826	1.2470511559250543
p1k_00590	2.6	6492235	2058622	6492235	259689400	488103	256452972	1.2462688118960574
p1k_00591	2.6	6009600	1889732	6009600	240384000	460934	237392084	1.2446402422790204
p1k_00592	2.6	11681347	3664216	11681347	467253880	1027288	461374130	1.2583630124162908
p1k_00593	2.6	10601137	3445370	10601137	424045480	956107	418538558	1.2986630585002343
p1k_00594	2.6	8666572	2925279	8666572	346662880	721998	341837772	1.3918732804619864
p1k_00595	2.6	5677748	1887133	5677748	227109920	510807	223967992	1.383439349544925
p1k_00596	2.6	10429285	3305151	10429285	417171400	1458220	411299707	1.4075013291898726
p1k_00597	2.6	9404842	3117944	9404842	376193680	1368618	370495895	1.5145881770262595
p1k_00598	2.6	12147335	4047298	12147335	485893400	1568103	478735385	1.4731657190651284
p1k_00599	2.6	10262149	3415477	10262149	410485960	1488861	404265119	1.515482039872935
p1k_00600	2.6	9401815	3108334	9401815	376072600	1201681	370536402	1.472108842813861
p1k_00601	2.6	9903621	3320040	9903621	396144840	1273200	390238868	1.4908617767178287
p1k_00602	2.6	9137939	2816568	9137939	365517560	1394433	360360618	1.4108602607218106
p1k_00603	2.6	9939463	3097563	9939463	397578520	846315	392618197	1.2476335492168942
p1k_00604	2.6	9641910	3236151	9641910	385676400	1139425	380030828	1.4638105935442252
p1k_00605	2.6	9953231	3340790	9953231	398129240	1360466	392111832	1.5114207637700763
p1k_00606	2.6	13844329	4678350	13844329	553773160	1598832	545733490	1.4517984222998457
p1k_00607	2.6	12467472	3882350	12467472	498698880	1710897	491816984	1.3799702136888696
p1k_00608	2.6	11085769	3777992	11085769	443430760	1619788	436577352	1.5455418564106829
p1k_00609	2.6	12185875	3676574	12185875	487435000	1791641	480771665	1.3670202180803595
p1k_00610	2.6	12612470	4283958	12612470	504498800	1648073	496942482	1.4977871106928302
p1k_00611	2.6	11854440	3630438	11854440	474177600	1703295	467628953	1.381053638974089
p1k_00612	2.6	10600332	2962078	10600332	1070633532	14442635	1052023215	1.7382527675212027
p1k_00613	2.6	13227967	3727812	13227967	1336024667	15479367	1315175149	1.5605638514756555
p1k_00614	2.6	11668355	3258658	11668355	1178503855	13787929	1160132888	1.5588380913696716
p1k_00615	2.6	10961888	3064235	10961888	1107150688	11931085	1090849074	1.472393430875057
p1k_00616	2.6	14842417	2906155	14842417	2070352203	16570986	2042270591	1.3563688322841367
p1k_00617	2.6	14657402	2842307	14657402	2041930529	15058262	2015920374	1.2738021509839526
p1k_00618	2.6	18192420	3529603	18192420	2496215824	16717476	2464673145	1.263619863984966
p1k_00619	2.6	16650950	3273848	16650950	2312611947	14838910	2285233574	1.183872332559562
p1k_00620	2.6	14681682	2737577	14681682	2036773823	2680838	2003504993	1.6334081685612865
p1k_00621	2.6	14612973	2640950	14612973	2024481206	3089428	2000254089	1.1967074294489648
p1k_00622	2.6	13382008	2292115	13382008	1839382904	1527879	1818004834	1.1622414209412484
p1k_00623	2.6	13017914	2414700	13017914	1783943541	1578014	1754224203	1.6659348974318242
p1k_00624	2.6	17646446	3037628	17646446	2434162459	2184317	2408339126	1.0608713853309821
p1k_00625	2.6	13621692	2413476	13621692	1875003630	1643973	1852570141	1.1964504303386336
p1k_00626	2.6	15015269	2933133	15015269	2017833307	3287548	1955008355	3.1134857265987232
p1k_00627	2.6	17416600	3310898	17416600	2349804030	3969637	2301417932	2.0591546095867406
p1k_00628	2.6	16020684	3028462	16020684	2152259207	3470156	2116938816	1.6410844421119952
p1k_00629	2.6	12637187	2775679	12637187	1700130007	3003565	1617173975	4.879393438057234
p1k_00630	2.6	18248429	3073870	18248429	2519426012	2758843	2497002362	0.8900301057937954
p1k_00631	2.6	16288741	2672921	16288741	2259429707	2672269	2236953644	0.9947670834974995
p1k_00632	2.6	14794173	2643000	14794173	2028032931	1844970	2007966381	0.9894587850753198
p1k_00633	2.6	12690426	2431895	12690426	1754798993	2075087	1730473610	1.3862204786437327
p1k_00634	2.6	15183476	2831824	15183476	2058176063	3344399	2023463674	1.6865607186881368
p1k_00635	2.6	14246571	2872142	14246571	1908970020	3341163	1841151543	3.5526213764216164
p1k_00636	2.6	12774297	2490347	12774297	1713229966	2888320	1673700254	2.307320837510964
p1k_00637	2.6	12560981	2456763	12560981	1687565703	2910906	1652242708	2.0931330221517306
p1k_00638	2.6	16808555	2942685	16808555	2299662636	2150786	2275259530	1.0611602596825425
p1k_00639	2.6	15116083	2623556	15116083	2076322639	1889404	2054063819	1.072030886814407
p1k_00640	2.6	13800614	2961292	13800614	1839409692	18914579	1807999094	1.7076455634985315
p1k_00641	2.6	13811506	3077659	13811506	1852670102	19476505	1821510359	1.6818829734642093
p1k_00642	2.6	16037339	3026805	16037339	2217371340	21871782	2184722065	1.4724315413944153
p1k_00643	2.6	16693173	3240258	16693173	2268088221	20965923	2234409952	1.4848747367133388
p1k_00644	2.6	15643401	3116242	15643401	2170320720	12987149	2144718922	1.179632013097124
p1k_00645	2.6	14301583	2946875	14301583	1955140580	13904804	1927383539	1.4196954062505316
p1k_00646	2.6	17046567	3742388	17046567	2293346523	10473773	2266566538	1.1677251881223882
p1k_00647	2.6	16095190	3282805	16095190	2215861543	8386018	2189483696	1.1904104335096537
p1k_00648	2.6	16316223	3221706	16316223	2274012597	17624041	2245142912	1.2695481563332782
p1k_00649	2.6	15903310	3149710	15903310	2185533697	14798349	2158556202	1.2343664633050955
p1k_00650	2.6	14434346	2815595	14434346	1987844945	13137064	1962681415	1.2658698588787567
p1k_00651	2.6	16409606	3141889	16409606	2274180108	13131403	2248061626	1.1484790456183165
p1k_00652	2.6	13340115	2739270	13340115	1756902844	19059121	1725109417	1.8096292067929514
p1k_00653	2.6	13747530	2862987	13747530	1833175233	15182830	1805351907	1.5177668506063653
p1k_00654	2.6	13746858	2907069	13746858	1831975033	11071167	1808863305	1.2615743983231458
p1k_00655	2.6	13738376	2734198	13738376	1808984354	11497845	1784966889	1.3276767677339458
p1k_00656	2.6	16014717	3079147	16014717	2228812460	16835198	2200821520	1.2558678893961317
p1k_00657	2.6	16791561	3317103	16791561	2269536993	13654336	2241814156	1.2215195031191985
p1k_00658	2.6	16642917	3490487	16642917	2293013864	11039693	2268755344	1.0579316758984934
p1k_00659	2.6	16610645	3450270	16610645	2289964786	12775248	2263924429	1.1371509797531008
p1k_00660	2.6	13994394	3376074	13994394	1834081244	9001868	1699962484	7.312585548691211
p1k_00661	2.6	12541922	2577375	12541922	1674028488	4163179	1621737373	3.1236693625491037
p1k_00662	2.6	13208309	2644251	13208309	1756894931	3015426	1694893819	3.5290164998489604
p1k_00663	2.6	13529766	2990715	13529766	1780100992	3184020	1691183630	4.99507400982337
p1k_00664	2.6	15382725	2672173	15382725	2161640913	2371349	2123748925	1.7529270366840064
p1k_00665	2.6	15500300	2694530	15500300	2104638054	2396864	2079332809	1.2023561463172139
p1k_00666	2.6	16159925	2730973	16159925	2246613297	2413945	2224509654	0.9838650483158785
p1k_00667	2.6	13761904	2134211	13761904	1937520795	1559917	1921355868	0.834309858336256
p1k_00668	2.6	16595274	2808502	16595274	2287052247	2316562	2266035993	0.9189232133882248
p1k_00669	2.6	15885051	2757763	15885051	2198125836	2194502	2172012231	1.1879940889789897
p1k_00670	2.6	15338618	2619099	15338618	2112325901	1864368	2094384253	0.8493787815367984
p1k_00671	2.6	14462307	2606726	14462307	1992868160	1817608	1967209441	1.2875271688820598
p1k_00672	2.6	12791167	2241425	12791167	1736577428	1659780	1720308861	0.9368178313095061
p1k_00673	2.6	15049583	2825786	15049583	2040808002	2026643	2011617441	1.430343323399023
p1k_00674	2.6	13939774	2398169	13939774	1906020992	1750672	1888902265	0.8981394786233289
p1k_00675	2.6	11377978	1989543	11377978	1573450127	1607843	1554142179	1.2271089924415506
p1k_00676	2.6	16707307	2948459	16707307	2269222517	2189961	2243851038	1.1180692422152623
p1k_00677	2.6	14437752	2647149	14437752	1956173783	1893230	1930359909	1.3196104673487488
p1k_00678	2.6	13484592	2166371	13484592	1867303991	1535120	1852603292	0.7872686542123928
p1k_00679	2.6	13526864	2444550	13526864	1849679731	1636770	1823537435	1.4133417565140634
p1k_00680	2.6	15893314	3040019	15893314	2179441717	2627222	2134975112	2.0402750233306652
p1k_00681	2.6	17643481	3138224	17643481	2421028334	4181381	2387854647	1.3702312581030702
p1k_00682	2.6	15848240	2589408	15848240	2184491428	2557813	2166001038	0.8464391191009976
p1k_00683	2.6	15447274	2674308	15447274	2132198403	2530781	2107500314	1.158339156677438
p1k_00684	2.6	16408852	3374859	16408852	2247908367	3216876	2171136959	3.415237432585258
p1k_00685	2.6	14717941	2729255	14717941	2019709210	3280185	1985585560	1.6895328214104646
p1k_00686	2.6	15983907	2732286	15983907	2186758958	1842653	2160747292	1.1895076915011316
p1k_00687	2.6	16406351	2667158	16406351	2302325900	1811305	2278503437	1.0347128962063972
p1k_00688	2.6	16714660	2943295	16714660	2247110814	2052074	2215815031	1.392712046287184
p1k_00689	2.6	13790168	2577536	13790168	1880703222	1686223	1844961337	1.9004532231295341
p1k_00690	2.6	14547749	2336628	14547749	2018029961	1636264	2001142219	0.8368429768818482
p1k_00691	2.6	14357920	2544496	14357920	1979868908	1878329	1951281591	1.4438994867027832
p1k_00692	2.6	14576411	2454200	14576411	2007162231	1770066	1990349638	0.8376300002229365
p1k_00693	2.6	13481933	2428090	13481933	1848583336	1665406	1825108002	1.2699094243052291
p1k_00694	2.6	15921202	2619616	15921202	2175263594	2161684	2155649816	0.90167362034194
p1k_00695	2.6	17892033	3136648	17892033	2444953293	2436975	2414788917	1.2337403780416512
p1k_00696	2.6	17218582	2916609	17218582	2355914151	2238894	2332513526	0.9932715498171818
p1k_00697	2.6	16750994	2825845	16750994	2317720991	2100549	2294680080	0.9941192701567934
p1k_00698	2.6	15547597	2749365	15547597	2164217607	3110878	2139674242	1.1340525518606042
p1k_00699	2.6	16561950	2821402	16561950	2291026211	2494056	2270745047	0.885243647699149
p1k_00700	2.6	16258939	2904845	16258939	2245064700	2792834	2199233827	2.041405443682759
p1k_00701	2.6	15206492	2613487	15206492	2078493064	2663438	2049299431	1.404557633876232
p1k_00702	2.6	16588806	2713071	16588806	2282957948	2408734	2263111929	0.8693116321913084
p1k_00703	2.6	11159740	1970022	11159740	1534491108	1766624	1514546738	1.299738388578528
p1k_00704	2.6	14150736	2406004	14150736	1942753420	1967589	1923225597	1.0051621991225217
p1k_00705	2.6	15394282	2602641	15394282	2128331729	2022724	2106398912	1.0305168457130116
p1k_00706	2.6	13705563	2383569	13705563	1896296390	2252893	1873427696	1.2059662255645596
p1k_00707	2.6	14161029	2399745	14161029	1982768579	2249634	1957432010	1.2778379316853195
p1k_00708	2.6	15591229	2604250	15591229	2146555941	1786260	2122658856	1.1132756684117557
p1k_00709	2.6	16099726	2818482	16099726	2230257158	1868221	2194735501	1.5927157490598223
p1k_00710	2.6	8972134	870537	8972134	673089798	406908	663291835	1.4556695152880625
p1k_00711	2.6	7761062	2330346	7761062	388053100	953713	384004618	1.04328041703571
p1k_00712	2.6	6945954	2071361	6945954	347297700	795602	343755758	1.019857603433596
p1k_00713	2.6	5356195	1600258	5356195	267809750	620862	265062540	1.0258065660417517
p1k_00714	2.6	7326692	2185265	7326692	366334600	856471	362585139	1.0235071980642834
p1k_00715	2.6	6623440	1989959	6623440	331172000	739902	327799740	1.0182805309627625
p1k_00716	2.6	9621441	2880480	9621441	481072050	1216667	476104645	1.0325698614168086
p1k_00717	2.6	9513287	929922	9513287	714983536	328512	708002821	0.9763462581325788
p1k_00718	2.6	8374952	981839	8374952	625782423	535044	613299128	1.9948299187048275
p1k_00719	2.6	8332501	2489547	8332501	416625050	1036057	412285326	1.0416377987833425
p1k_00720	2.6	9033164	859625	9033164	682613640	2339290	678983256	0.5318358420145253
p1k_00721	2.6	7273425	2174986	7273425	363671250	898858	359899267	1.0371958190261121
p1k_00722	2.6	8814457	1216011	8814457	658992741	1874308	649547812	1.4332371834123132
p1k_00723	2.6	7616723	2264859	7616723	380836150	959767	376880744	1.038610961695732
p1k_00724	2.6	8827769	1281792	8827769	661184897	3468853	640826048	3.079146104572924
p1k_00725	2.6	7797390	2313420	7797390	389869500	958181	385851296	1.0306535904963072
p1k_00726	2.6	8160314	2439903	8160314	408015700	985426	403797726	1.0337773767038867
p1k_00727	2.6	8636396	1489783	8636396	645732544	3353696	614735875	4.800233361012078
p1k_00728	2.6	8443168	2517414	8443168	422158400	1040867	417783904	1.0362214751619299
p1k_00729	2.6	15702319	2872420	15702319	1167749203	9196202	1095888912	6.153743527753022
p1k_00730	2.6	8082069	2440281	8082069	404103450	971486	399907107	1.0384328567350762
p1k_00731	2.6	8671283	1169348	8671283	648718979	2632566	637778020	1.6865483135494945
p1k_00732	2.6	8371310	2513239	8371310	418565500	1024026	414211861	1.040133264686172
p1k_00733	2.6	9214719	1277954	9214719	690446548	2263055	679680302	1.5593163628938878
p1k_00734	2.6	7486061	2245010	7486061	374303050	884884	370441062	1.0317810661708475
p1k_00735	2.6	6648544	2019530	6648544	332427200	801628	328972081	1.0393610992120983
p1k_00736	2.6	8278258	2513522	8278258	413912900	988965	409613211	1.0387907697489012
p1k_00737	2.6	6170362	1842704	6170362	308518100	721726	305355322	1.0251515227145507
p1k_00738	2.6	7056870	2107727	7056870	352843500	834535	349215631	1.0281807656935724
p1k_00739	2.6	5699763	1707670	5699763	284988150	664941	282052748	1.0300084407018326
p1k_00740	2.6	4993389	1490136	4993389	249669450	590388	247093996	1.0315455094726247
p1k_00741	2.6	6413244	1913378	6413244	320662200	795346	317333114	1.038190968564427
p1k_00742	2.6	6609287	1975244	6609287	330464350	826525	327021737	1.0417501918134286
p1k_00743	2.6	7498035	2215252	7498035	374901750	905181	371111766	1.0109272629428911
p1k_00744	2.6	6785258	2078281	6785258	339262900	819470	335746796	1.036395078860671
p1k_00745	2.6	5803902	1787323	5803902	290195100	750471	287106108	1.0644535348804993
p1k_00746	2.6	6502680	2003315	6502680	325134000	811474	321697562	1.056929758192007
p1k_00747	2.6	7587510	2316258	7587510	379375500	936694	375381110	1.0528855975148632
p1k_00748	2.6	7505617	2285764	7505617	375280850	932489	371330422	1.0526590951816486
p1k_00749	2.6	7252488	2177900	7252488	362624400	887748	358871679	1.0348782376475494
p1k_00750	2.6	7529214	2268076	7529214	376460700	921225	372524538	1.0455704938125014
p1k_00751	2.6	6942856	2119846	6942856	347142800	861906	343470610	1.0578326844169028
p1k_00752	2.6	6423780	1964767	6423780	321189000	798755	317786192	1.0594410144805706
p1k_00753	2.6	7795367	2375689	7795367	389768350	944325	385698659	1.0441306996835427
p1k_00754	2.6	6694245	2071287	6694245	334712250	823867	331179394	1.0554904996754675
p1k_00755	2.6	6972065	2099841	6972065	348603250	855928	344965044	1.0436523469015277
p1k_00756	2.6	7250550	2191995	7250550	362527500	899793	358723933	1.0491802690830352
p1k_00757	2.6	7493688	2267600	7493688	374684400	917796	370768548	1.0451067618507737
p1k_00758	2.6	7169318	2149604	7169318	358465900	878402	354731150	1.0418703703755365
p1k_00759	2.6	8255618	2487492	8255618	412780900	990409	408495521	1.0381727933632587
p1k_00760	2.6	8270554	2484157	8270554	413527700	1007323	409229223	1.0394653127227027
p1k_00761	2.6	7956333	2416509	7956333	397816650	959653	393743294	1.0239279829036818
p1k_00762	2.6	6717906	2068260	6717906	335895300	814478	332459771	1.0227975800792688
p1k_00763	2.6	6543526	2024395	6543526	327176300	823828	323706834	1.0604270541600966
p1k_00764	2.6	6570653	2021198	6570653	328532650	818742	325065778	1.0552595000831728
p1k_00765	2.6	6800809	2129686	6800809	340040450	862703	336398889	1.070919944965371
p1k_00766	2.6	5346796	1610616	5346796	267339800	611141	264603654	1.0234712526903964
p1k_00767	2.6	6907397	2058158	6907397	345369850	805878	341853829	1.0180451478320993
p1k_00768	2.6	4646403	1386824	4646403	232320150	556759	229945812	1.0220112202923424
p1k_00769	2.6	7010995	2083822	7010995	350549750	814825	346981583	1.0178774909980681
p1k_00770	2.6	6565338	1949830	6565338	328266900	766506	324921001	1.0192617653500855
p1k_00771	2.6	9929598	2819054	9929598	744719850	1192156	739707133	0.6731010325560679
p1k_00772	2.6	8226314	2337537	8226314	616973550	979477	612823894	0.6725824794271975
p1k_00773	2.6	7420598	2133321	7420598	556544850	906708	552760590	0.6799559819842013
p1k_00774	2.6	7288373	2101420	7288373	546627975	875515	542917049	0.67887597593226
p1k_00775	2.6	9943985	2831362	9943985	745798875	1181876	740782606	0.6726034549193977
p1k_00776	2.6	9764231	2773282	9764231	732317325	1192194	727368431	0.6757854595342258
p1k_00777	2.6	6772471	1944559	6772471	507935325	945711	504359763	0.7039404081612163
p1k_00778	2.6	7641279	2193026	7641279	573095925	908847	569220419	0.6762403693587596
p1k_00779	2.6	9532699	2698593	9532699	714952425	1118581	710201543	0.6645032360020319
p1k_00780	2.6	8474550	2403165	8474550	635591250	987805	631358844	0.6659006082918857
p1k_00781	2.6	10901484	3135439	10901484	817611300	1322205	812076587	0.6769369503577066
p1k_00782	2.6	8913907	2548777	8913907	668543025	1057660	664059241	0.670679946141088
p1k_00783	2.6	10612293	3023218	10612293	795921975	1232822	790595760	0.6691880821609429
p1k_00784	2.6	9123883	2597088	9123883	684291225	1111767	679662435	0.6764356798525365
p1k_00785	2.6	8464378	2430956	8464378	634828350	1027281	630515482	0.6793754563733646
p1k_00786	2.6	9000254	2595918	9000254	675019050	1098407	670416544	0.6818334978842449
p1k_00787	2.6	7724944	2196820	7724944	579370800	904680	575489399	0.6699338316670429
p1k_00788	2.6	8876770	2526350	8876770	665757750	1058284	661278285	0.6728370792529265
p1k_00789	2.6	7182488	2064030	7182488	538686600	862363	535050455	0.6750019399034615
p1k_00790	2.6	9595727	2772759	9595727	719679525	1146668	714813499	0.6761378962393018
p1k_00791	2.6	4379414	1462881	4379414	223350114	223753	221114715	1.0008497242137069
p1k_00792	2.6	4276754	1359369	4276754	218114454	297673	215974978	0.980896020765318
p1k_00793	2.6	4208394	1373280	4208394	214628094	221755	212514750	0.9846539474930062
p1k_00794	2.6	6138877	1990672	6138877	313082727	360184	309930694	1.0067732034287538
p1k_00795	2.6	12880965	4099517	12880965	656929215	1694169	649869171	1.0747039161593688
p1k_00796	2.6	13248207	4257002	13248207	675658557	1957746	668126659	1.1147491468830757
p1k_00797	2.6	6930631	2228416	6930631	353462181	465572	350084022	0.9557342147447452
p1k_00798	2.6	7521560	2376830	7521560	383599560	482494	380028755	0.9308678560528068
p1k_00799	2.6	7300144	2408488	7300144	372307344	532819	368400127	1.0494600933791949
p1k_00800	2.6	7909700	2320864	7909700	403394700	182778	400052324	0.8285621997512611
p1k_00801	2.6	6023354	2122045	6023354	307191054	141616	304327767	0.9320867136970726
p1k_00802	2.6	7431674	2174800	7431674	379015374	174935	375873205	0.8290347082332339
p1k_00803	2.6	10429671	3064577	10429671	531913221	227604	527508944	0.8280066796835643
p1k_00804	2.6	10438346	3063398	10438346	532355646	235690	527940005	0.8294532110588341
p1k_00805	2.6	11803877	3460565	11803877	601997727	342292	596935938	0.8408319123105261
p1k_00806	2.6	16676767	4894364	16676767	850515117	467001	843382142	0.8386652814778834
p1k_00807	2.6	9980935	2938530	9980935	509027685	281077	504750542	0.8402574410073589
p1k_00808	2.6	11783537	3474996	11783537	600960387	331435	595902544	0.8416266877836658
p1k_00809	2.6	11133011	3260639	11133011	567783561	319379	562993562	0.8436311526109859
p1k_00810	2.6	14565786	4273905	14565786	742855086	404700	736593257	0.8429408532043086
p1k_00811	2.6	11275110	3311992	11275110	575030610	300684	570194031	0.8410993981694296
p1k_00812	2.6	12112928	3538338	12112928	617759328	344941	612542483	0.8444785474773114
p1k_00813	2.6	11970659	3525262	11970659	610503609	336903	605294085	0.853315840103412
p1k_00814	2.6	15681701	4611609	15681701	799766751	445902	792972047	0.8495857062705024
p1k_00815	2.6	11674075	3434735	11674075	595377825	334991	590337835	0.8465196029092955
p1k_00816	2.6	11856384	3470054	11856384	604675584	326895	599612048	0.8373971322777933
p1k_00817	2.6	10260631	3001608	10260631	523292181	284835	518905298	0.838323819709433
p1k_00818	2.6	13704291	4020642	13704291	698918841	370190	693048097	0.8399750665757199
p1k_00819	2.6	11400593	3356587	11400593	581430243	324281	576472752	0.8526372784499275
p1k_00820	2.6	9026965	2855580	9026965	460375215	822046	455811970	0.9912012748123289
p1k_00821	2.6	2201949	748605	2201949	88077960	366315	86678193	1.589236399208156
p1k_00822	2.6	3636961	1215461	3636961	145478440	778247	143102240	1.6333691782782385
p1k_00823	2.6	1551253	526485	1551253	62050120	286035	61054096	1.605192705509675
p1k_00824	2.6	2289488	734102	2289488	91579520	517360	90098315	1.6173976452377126
p1k_00825	2.6	2910024	1023533	2910024	116400960	546282	114474357	1.655143565826261
p1k_00826	2.6	13053250	4087670	13053250	522130000	1325032	515269138	1.3140141344109706
p1k_00827	2.6	18999737	6002679	18999737	759989480	1787113	750091769	1.3023484219807886
p1k_00828	2.6	12652730	4055629	12652730	506109200	1479209	499207193	1.3637386951274546
p1k_00829	2.6	9776211	3091562	9776211	391048440	1086454	385843788	1.3309481556811733
p1k_00830	2.6	10645093	3478604	10645093	425803720	1667158	419311373	1.5247276374194196
p1k_00831	2.6	7744299	2356538	7744299	309771960	1231738	305406314	1.4093096095592383
p1k_00832	2.6	8867149	2810284	8867149	354685960	1423127	349515939	1.4576333949051719
p1k_00833	2.6	8329293	2588321	8329293	333171720	1480087	328243722	1.4791165348607618
p1k_00834	2.6	9128499	2912020	9128499	365139960	1439482	359800987	1.462171656041152
p1k_00835	2.6	9580712	3026737	9580712	383228480	1741149	377408142	1.5187644717845605
p1k_00836	2.6	13782002	4229802	13782002	551280080	1681556	544017491	1.317404575909944
p1k_00837	2.6	13163540	4035048	13163540	526541600	1696206	519518369	1.3338416185919593
p1k_00838	2.6	9967828	3176004	9967828	398713120	1476387	392834793	1.4743249482234244
p1k_00839	2.6	4991761	1608139	4991761	199670440	829904	196605395	1.5350519586174096
p1k_00840	2.6	9203702	2671224	9203702	368148080	335810	364281600	1.0502513010525547
p1k_00841	2.6	13632843	4026104	13632843	545313720	470394	539469322	1.0717496709967247
p1k_00842	2.6	5028818	1465131	5028818	201152720	180493	199015557	1.0624579175464295
p1k_00843	2.6	12959324	3821073	12959324	518372960	463059	512794035	1.0762376571494008
p1k_00844	2.6	7160352	2525007	7160352	286414080	258268	282887905	1.2311458291435953
p1k_00845	2.6	8086659	2820279	8086659	323466360	290268	319534383	1.215575245598955
p1k_00846	2.6	7910762	2793108	7910762	316430480	273895	312579425	1.2170303568733327
p1k_00847	2.6	9408571	2686132	9408571	376342840	312889	372445862	1.0354861540610152
p1k_00848	2.6	17430852	5007502	17430852	697234080	625548	689930621	1.0474902488989064
p1k_00849	2.6	14457805	4106570	14457805	578312200	506615	572353112	1.0304275095700903
p1k_00850	2.6	9263657	2684844	9263657	370546280	552685	366373720	1.1260563727694148
p1k_00851	2.6	10014482	2913546	10014482	400579280	600745	396051988	1.13018626425211
p1k_00852	2.6	9364783	2699008	9364783	374591320	571597	370361494	1.129184199996946
p1k_00853	2.6	10195440	2919429	10195440	407817600	626988	403269351	1.115265501047527
p1k_00854	2.6	14904888	4475416	14904888	596195520	571937	589613809	1.103951770721122
p1k_00855	2.6	10433396	3083513	10433396	417335840	349573	412817322	1.082705477679559
p1k_00856	2.6	8299666	2407803	8299666	331986640	498923	328243882	1.1273821139308497
p1k_00857	2.6	120725916	35206265	120725916	4829036640	7553047	4773756722	1.144740082154357
p1k_00858	2.6	8150363	2288125	8150363	326014520	572885	322368197	1.1184541719184777
p1k_00859	2.6	8888618	2566501	8888618	355544720	515869	351581689	1.1146364372954265
p1k_00860	2.6	13357348	4270194	13357348	534293920	1795522	526839244	1.3952387854235737
p1k_00861	2.6	11986679	3728680	11986679	479467160	1281603	473244766	1.2977727191993713
p1k_00862	2.6	9448657	2864057	9448657	377946280	1496229	372651747	1.4008691923095526
p1k_00863	2.6	10969251	3374512	10969251	438770040	1510160	432783125	1.3644767085738123
p1k_00864	2.6	9149930	2744660	9149930	365997200	1630909	360630873	1.4662207798311024
p1k_00865	2.6	10098955	3212906	10098955	403958200	1176988	398499099	1.3514024470848718
p1k_00866	2.6	11980899	3853621	11980899	479235960	1517799	472593703	1.3860097226426833
p1k_00867	2.6	12570677	3999213	12570677	502827080	1417937	496115983	1.3346729456178057
p1k_00868	2.6	7481211	2343068	7481211	299248440	1117913	295013937	1.4150459731719904
p1k_00869	2.6	7949826	2519752	7949826	317993040	1155107	313321895	1.4689456725216377
p1k_00870	2.6	8434117	2511738	8434117	337364680	1735064	332237692	1.5197168832255943
p1k_00871	2.6	4713323	1456712	4713323	188532920	725044	185865520	1.4148192262656305
p1k_00872	2.6	20089315	6436534	20089315	803572600	2498403	792501841	1.3776924449639025
p1k_00873	2.6	10460992	3395804	10460992	418439680	1251706	412460448	1.4289352290872606
p1k_00874	2.6	8960712	2768562	8960712	358428480	2581313	351999950	1.7935321434278884
p1k_00875	2.6	9351328	3218943	9351328	374053120	1410324	368342895	1.5265813048157437
p1k_00876	2.6	7769445	2572160	7769445	310777800	1070242	306291550	1.4435554920589566
p1k_00877	2.6	79260326	25761967	79260326	3170413040	10205978	3126104447	1.3975653153382184
p1k_00878	2.6	12391166	3867826	12391166	495646640	1300229	489210363	1.2985616123615809
p1k_00879	2.6	19647032	6276931	19647032	785881280	2410926	775116740	1.3697412413233714
p1k_00880	2.6	11758848	3803592	11758848	470353920	1599058	463676748	1.4196059001698125
p1k_00881	2.6	10220840	3210393	10220840	408833600	1040723	403514073	1.3011472149060157
p1k_00882	2.6	12764528	1669957	12764528	505242846	1677727	501527022	0.7354530656728983
p1k_00883	2.6	13578580	1768428	13578580	537461642	1890013	533411060	0.7536504344620746
p1k_00884	2.6	12815322	1665465	12815322	507316674	1701821	503585600	0.7354526652124191
p1k_00885	2.6	11911009	5067154	11911009	471517170	1582443	462957090	1.8154333595105347
p1k_00886	2.6	12242707	3921453	12242707	1236513407	2935808	1223981792	1.013463738367699
p1k_00887	2.6	13080438	4176512	13080438	1321124238	3286496	1307325241	1.0444889740945014
p1k_00888	2.6	12685149	4069355	12685149	1281200049	3088759	1268517790	0.9898734401312843
p1k_00889	2.6	16686933	5393761	16686933	1685380233	4002471	1667788977	1.0437559225841473
p1k_00890	2.6	10129225	3197035	10129225	516590475	950279	511464407	0.992288524096384
p1k_00891	2.6	8731989	2791298	8731989	445331439	818532	440877808	1.0000710953623018
p1k_00892	2.6	5008229	1590293	5008229	255419679	447742	252893060	0.989202950176756
p1k_00893	2.6	6523624	2076967	6523624	332704824	608312	329388335	0.996826243793808
p1k_00894	2.6	5130030	1634401	5130030	261631530	611524	258874875	1.0536402091903831
p1k_00895	2.6	5811508	1853767	5811508	296386908	697647	293248894	1.0587559420809505
p1k_00896	2.6	6338251	1993443	6338251	323250801	820238	319814866	1.062931627507398
p1k_00897	2.6	6158458	1970873	6158458	314081358	634388	310876346	1.0204400606291317
p1k_00898	2.6	6035459	1911127	6035459	307808409	693304	304618689	1.0362679857781272
p1k_00899	2.6	6397191	2032918	6397191	326256741	593889	323010825	0.9948962249947809
p1k_00900	2.6	5710631	1819106	5710631	291242181	550395	288338062	0.9971491732511096
p1k_00901	2.6	4791782	1570576	4791782	244380882	479482	241846030	1.037254624525007
p1k_00902	2.6	5484576	1759716	5484576	279713376	511177	276892051	1.0086485817539166
p1k_00903	2.6	5969746	1913050	5969746	304457046	560553	301396026	1.0054029099395518
p1k_00904	2.6	5598721	1780409	5598721	285534771	493433	282718511	0.9863107004925856
p1k_00905	2.6	8252080	2632799	8252080	420856080	742686	416685476	0.9909810498638869
p1k_00906	2.6	9683043	3127000	9683043	493835193	654826	488976669	0.983835107110319
p1k_00907	2.6	11207870	3614519	11207870	571601370	727641	566033144	0.9741449709961332
p1k_00908	2.6	9666204	3107327	9666204	492976404	873609	487939210	1.021792109952589
p1k_00909	2.6	8271311	2681597	8271311	421836861	637262	417626917	0.9980028748601939
p1k_00910	2.6	8598546	2645802	8598546	859854600	4864037	851242792	1.0015423537886523
p1k_00911	2.6	11829810	3658110	11829810	1182981000	6172726	1171641977	0.9585126895529176
p1k_00912	2.6	8757703	2774648	8757703	446642853	772178	442206793	0.9932007128747228
p1k_00913	2.6	9294371	2968205	9294371	474012921	762436	469320374	0.9899618327070878
p1k_00914	2.6	9190890	2970436	9190890	468735390	654831	464134686	0.9815141118318376
p1k_00915	2.6	8825928	2864330	8825928	450122328	621018	445696855	0.9831711791910931
p1k_00916	2.6	8265353	2652767	8265353	421533003	533571	417471488	0.9635105605242491
p1k_00917	2.6	11043058	3588972	11043058	563195958	791157	557644207	0.9857583175339478
p1k_00918	2.6	9853027	3216046	9853027	502504377	741026	497489958	0.997885636327502
p1k_00919	2.6	7823615	2550100	7823615	399004365	567057	395056343	0.9894683733597751
p1k_00920	2.6	10269161	3021643	10269161	1026916100	621972	1022067752	0.4721269829151573
p1k_00921	2.6	6271577	1842910	6271577	627157700	388951	624202465	0.4712108294293445
p1k_00922	2.6	15280471	4531597	15280471	779304021	424223	772683505	0.8495421326717368
p1k_00923	2.6	17083084	5112664	17083084	871237284	458121	863787212	0.8551140012965746
p1k_00924	2.6	15556655	4550963	15556655	793389405	428872	786746547	0.8372758645548083
p1k_00925	2.6	16025511	4719648	16025511	817301061	418178	810410147	0.8431304361172242
p1k_00926	2.6	15153470	4493045	15153470	772826970	384465	766290992	0.8457233318345503
p1k_00927	2.6	14747417	4358973	14747417	752118267	390264	745762841	0.8450035425080296
p1k_00928	2.6	17287727	5115210	17287727	881674077	464165	874212792	0.8462633976251068
p1k_00929	2.6	14184013	4236087	14184013	723384663	366538	717253786	0.8475265392791442
p1k_00930	2.6	1728027	521759	1728027	172802700	175106	171891817	0.5271231294418431
p1k_00931	2.6	1323493	396187	1323493	132349300	115126	131670251	0.5130733596626502
p1k_00932	2.6	5822835	1767926	5822835	582283500	487106	579292856	0.5136061729380963
p1k_00933	2.6	4449739	1318301	4449739	444973900	301465	442805332	0.48734723542212255
p1k_00934	2.6	3628873	596843	3628873	503491530	2823731	499651519	0.762676385042664
p1k_00935	2.6	4438551	721478	4438551	627512228	2391046	623899398	0.5757385814639456
p1k_00936	2.6	4341444	666740	4341444	570460270	6099469	563307822	1.2538030036693004
p1k_00937	2.6	8202214	1168182	8202214	1081101777	11565641	1067682715	1.2412394730528689
p1k_00938	2.6	1785873	262217	1785873	224478381	6473869	217587665	3.069656850385071
p1k_00939	2.6	2816080	425301	2816080	363431254	7072290	355675689	2.1339840519054536
p1k_00940	2.6	3228552	362925	3228552	440859313	5251502	433411940	1.6892856247770816
p1k_00941	2.6	4185012	220981	4185012	602558388	4819132	595998494	1.0886735842767823
p1k_00942	2.6	11504295	2442380	11504295	1600659162	17338154	1568745220	1.9937999767623233
p1k_00943	2.6	3459399	631683	3459399	472473539	3287204	465860967	1.3995645161410828
p1k_00944	2.6	2741991	506409	2741991	372466487	2483847	368191936	1.1476337198626947
p1k_00945	2.6	3107367	488871	3107367	436512369	3549490	432074652	1.0166302985105102
p1k_00946	2.6	4356777	567546	4356777	595868181	4356221	590321531	0.9308518522824095
p1k_00947	2.6	6903214	1243926	6903214	941269884	5768624	932241206	0.9592018350392691
p1k_00948	2.6	5229602	884963	5229602	712731204	5277743	703877678	1.2421970513304479
p1k_00949	2.6	6654061	1164817	6654061	861485745	4323971	852742204	1.014937397484157
p1k_00950	2.6	10756444	2358971	10756444	1512319536	14784773	1486520976	1.7058934561035786
p1k_00951	2.6	3857576	698423	3857576	529570179	2228153	525442959	0.7793527966007315
p1k_00952	2.6	2797697	470180	2797697	374106557	1457270	371621017	0.6643935941491664
p1k_00953	2.6	7479249	1343671	7479249	1025680275	6265994	1015977387	0.945995378530605
p1k_00954	2.6	8297232	1474251	8297232	1124622489	11464052	1108970366	1.3917668509294767
p1k_00955	2.6	7069462	1371124	7069462	939067657	4434515	930665260	0.8947594922865074
p1k_00956	2.6	4307570	820727	4307570	569538702	2900545	564240304	0.9302963927462826
p1k_00957	2.6	5177423	936249	5177423	701691186	3050629	696280356	0.7711127213731312
p1k_00958	2.6	12242455	2756825	12242455	1728414030	16022365	1700626302	1.6077009048578481
p1k_00959	2.6	2010232	246434	2010232	276735748	4343886	271056661	2.0521696387414323
p1k_00960	2.6	2109132	296736	2109132	244223736	14650788	228972304	6.244860655149425
p1k_00961	2.6	12516512	2358103	12516512	1748365714	29833256	1713062716	2.019199857175877
p1k_00962	2.6	2560311	373681	2560311	338464295	4686176	333190990	1.5580092428951775
p1k_00963	2.6	1605932	226743	1605932	201847514	5385626	196104256	2.845344927062119
p1k_00964	2.6	1950596	271124	1950596	253759807	5781111	247558494	2.4437727445150523
p1k_00965	2.6	2817804	456515	2817804	366599683	3016852	362848880	1.02313318148723
p1k_00966	2.6	2705790	480316	2705790	268498816	25793946	241684506	9.98675167342265
p1k_00967	2.6	13890018	2673525	13890018	1919455457	31377925	1881802433	1.9616513559970565
p1k_00968	2.6	3531816	672684	3531816	449350897	4761791	443193950	1.37018687202042
p1k_00969	2.6	4055833	813450	4055833	491625612	4156488	485707326	1.2038197066104035
p1k_00970	2.6	3601472	554204	3601472	488846942	2116739	485864794	0.6100371596474056
p1k_00971	2.6	4635227	783681	4635227	589563577	5631099	582662053	1.1706157349676303
p1k_00972	2.6	10353656	1372332	10353656	1421187045	11443591	1407337439	0.9745097275355475
p1k_00973	2.6	7022318	1217878	7022318	946654045	7603962	936910381	1.0292740047395035
p1k_00974	2.6	1835428	294065	1835428	242993099	1155496	241366420	0.669434237718825
p1k_00975	2.6	5450531	913559	5450531	769317288	3375448	764439607	0.6340272181690527
p1k_00976	2.6	2155003	336894	2155003	287638603	1390540	285698697	0.6744247746190034
p1k_00977	2.6	5729194	1035309	5729194	764908251	4224284	758841997	0.793069494553014
p1k_00978	2.6	6721034	1212617	6721034	883491368	6337498	874957881	0.965882328801655
p1k_00979	2.6	6259849	1116975	6259849	802211195	13007706	787202629	1.8708995952119567
p1k_00980	2.6	6657233	1157357	6657233	817832220	26162616	789639480	3.4472522982770233
p1k_00981	2.6	5561682	982643	5561682	754934311	3005160	750229307	0.6232335623701702
p1k_00982	2.6	1590846	252097	1590846	213230401	1280972	211543902	0.7909280253147393
p1k_00983	2.6	4884718	842773	4884718	672678071	2661366	668524425	0.6174790258622835
p1k_00984	2.6	4921387	714266	4921387	511581923	51590188	458544023	10.367430437920302
p1k_00985	2.6	3688116	530485	3688116	481382831	6706628	473828381	1.569322691527401
p1k_00986	2.6	2826300	431986	2826300	382174730	2046478	379439967	0.7155792325672605
p1k_00987	2.6	3661575	569759	3661575	486288467	3821863	481555062	0.9733738966093968
p1k_00988	2.6	11822461	2270255	11822461	1643696188	25173563	1613276874	1.850665239846623
p1k_00989	2.6	3012940	208370	3012940	206409406	68037546	137886895	33.19737812723515
p1k_00990	2.6	2162247	382092	2162247	267178600	11204098	255302333	4.445066708186958
p1k_00991	2.6	13988666	2661823	13988666	1922619912	34851313	1881728605	2.126853401693054
p1k_00992	2.6	4136185	749103	4136185	553553646	5786609	546354141	1.3005975214911691
p1k_00993	2.6	2477386	433009	2477386	326426828	4190012	321411620	1.5363957768814271
p1k_00994	2.6	2690576	406063	2690576	364897547	2182777	362089784	0.7694661208561098
p1k_00995	2.6	5887636	923435	5887636	790712448	2917985	786340815	0.5528726670558246
p1k_00996	2.6	4679281	314882	4679281	304971964	109501910	194716906	36.15252253154654
p1k_00997	2.6	13549291	2551712	13549291	1874722930	32276992	1836216314	2.0539897060948626
p1k_00998	2.6	11336030	2186737	11336030	1563165028	27409461	1530638431	2.0808165751773715
p1k_00999	2.6	3027429	522676	3027429	368517691	16756948	350789045	4.810799164591531
p1k_01000	2.6	14951500	3162412	14951500	2102423966	24266695	2058660518	2.081571020295342
p1k_01001	2.6	5184221	1080120	5184221	647543064	4352107	631875035	2.419611894723345
p1k_01002	2.6	8547082	1699850	8547082	1106471064	6417219	1092680812	1.246327396050187
p1k_01003	2.6	2471781	406349	2471781	344801520	1465444	342337489	0.7146230097825554
p1k_01004	2.6	2789945	462447	2789945	380803243	1934227	377933691	0.7535524060649872
p1k_01005	2.6	2987995	437715	2987995	408305960	1984956	405363416	0.7206713318610387
p1k_01006	2.6	2944219	450205	2944219	387477652	2001451	384317512	0.8155670355925456
p1k_01007	2.6	4290453	730639	4290453	574810454	4586410	568705079	1.0621544819711994
p1k_01008	2.6	10708852	2450334	10708852	1490047098	14801143	1463251242	1.798322753419436
p1k_01009	2.6	3635372	686674	3635372	512612315	2549385	508032068	0.8935109177000556
p1k_01010	2.6	3923457	759065	3923457	543924376	2854269	538948516	0.9148073187291756
p1k_01011	2.6	2730516	451715	2730516	379354881	1915986	376547854	0.7399475110483684
p1k_01012	2.6	2456004	350991	2456004	341202225	1791602	338551034	0.7770145695855295
p1k_01013	2.6	3551432	684403	3551432	496465786	2706929	491879923	0.9237017190948986
p1k_01014	2.6	2110368	355682	2110368	285797104	1036024	284039594	0.614950248061296
p1k_01015	2.6	3586375	457270	3586375	491900073	3404467	487512654	0.8919329841205369
p1k_01016	2.6	2379331	383740	2379331	319572760	1625888	317110471	0.7704940183262178
p1k_01017	2.6	9323363	1545468	9323363	1284366776	9944649	1271422782	1.0078113387760195
p1k_01018	2.6	2350548	460884	2350548	330976958	1784100	327644692	1.0067969746703636
p1k_01019	2.6	2333527	389072	2333527	319756011	1074208	317750290	0.6272660813247386
p1k_01020	2.6	6246777	1189429	6246777	866981649	6330130	858523484	0.9755875467209572
p1k_01021	2.6	1710475	266458	1710475	230382484	1138039	228812481	0.6814767219889859
p1k_01022	2.6	2175976	343867	2175976	290443468	1824931	288071526	0.8166621946546927
p1k_01023	2.6	2823036	448376	2823036	378098953	2026309	375342514	0.7290258219784068
p1k_01024	2.6	2104974	328077	2104974	277367257	1312376	275519195	0.6662870087798431
p1k_01025	2.6	3094989	494668	3094989	412416116	2261255	409353108	0.7426984254902396
p1k_01026	2.6	2780789	251317	2780789	379266865	7697905	371166717	2.1357383804145402
p1k_01027	2.6	2790938	421767	2790938	373948008	3656352	369631927	1.1541928042574303
p1k_01028	2.6	2132011	323421	2132011	284381793	3009325	280862998	1.2373489044005008
p1k_01029	2.6	2781172	457840	2781172	334047702	8429245	324843615	2.7553211547014325
p1k_01030	2.6	3405896	519605	3405896	434638280	7011918	426783485	1.8072027617999962
p1k_01031	2.6	10928714	2109493	10928714	1508213004	25608121	1477874450	2.011556319932115
p1k_01032	2.6	4159528	782445	4159528	529867413	5807697	522435649	1.4025704954986542
p1k_01033	2.6	4692069	851660	4692069	565924674	8382894	555690387	1.8084185882307016
p1k_01034	2.6	4571723	882358	4571723	635806382	3928644	630302253	0.865692631565941
p1k_01035	2.6	1678290	275499	1678290	220235531	941964	218848643	0.6297294508759351
p1k_01036	2.6	3452528	639983	3452528	491806489	2949385	487785466	0.8176026729895383
p1k_01037	2.6	4199744	790852	4199744	554439315	8873971	544091989	1.8662684481528875
p1k_01038	2.6	2757106	438098	2757106	376574330	1026480	374841434	0.46017369266779284
p1k_01039	2.6	1233667	196394	1233667	165428331	814089	164300872	0.6815392461403724
p1k_01040	2.6	1795021	295237	1795021	244868926	785542	243413824	0.5942370980954929
p1k_01041	2.6	2835162	439856	2835162	393611883	2012490	390736760	0.7304461892986092
p1k_01042	2.6	3221661	538540	3221661	435132610	3013033	430973770	0.9557638072678578
p1k_01043	2.6	3300886	564665	3300886	434704001	1888994	430803390	0.8973027602752615
p1k_01044	2.6	3412222	422042	3412222	463129839	4688918	457434289	1.229795517450993
p1k_01045	2.6	2700877	523353	2700877	379510916	1983182	376260013	0.856603292011764
p1k_01046	2.6	3069299	590490	3069299	429706772	2239723	425906843	0.8843074504769498
p1k_01047	2.6	6004353	1191601	6004353	834881275	4561563	825703024	1.0993480480203608
p1k_01048	2.6	2127810	343123	2127810	292465464	1337189	289114110	1.1458973494388383
p1k_01049	2.6	1973297	337388	1973297	266720099	990492	264932986	0.6700331196262791
p1k_01050	2.6	961526	163471	961526	130364348	458635	129548682	0.6256818006714535
p1k_01051	2.6	969487	160201	969487	130769661	515380	129937096	0.6366652583124766
p1k_01052	2.6	2084808	252259	2084808	297778654	3560869	293684446	1.3749165512716706
p1k_01053	2.6	2674248	452411	2674248	363494249	1602716	360635356	0.7865029523479475
p1k_01054	2.6	5148509	853520	5148509	690358640	5365613	683236577	1.0316468263510108
p1k_01055	2.6	3489718	573854	3489718	473104761	2019330	469898351	0.6777378425071482
